10.993992203040738 1.8565003366548671 0
8.087607393740717 14.725187592870864 1
6.265365868013353 3.2922795347358313 0
12.850561686132897 9.234927137444714 1
8.852817149501067 2.253046642147034 0
12.132440772999244 4.386452075428801 0
7.8637190033441495 6.019832481516094 1
16.827767987584107 18.884624722487196 0
17.25636399059529 17.1195394199045 0
6.068575459139691 8.148187471956962 1
9.772773033628484 7.35568161199216 1
9.955208793511297 2.4782001427507794 0
10.284783727151869 10.087110492654801 1
11.265050070005174 15.157058386583447 1
19.05365924214854 14.749282948766734 0
9.054424678170342 15.294052488171271 1
16.268332449383777 12.792161921563812 0
18.485698323634388 12.310035186220725 0
17.16289722873463 10.813742763060553 0
13.531562743709422 6.313857204269835 1
7.445530105268561 8.051862764800976 1
1.9863456875656027 10.049568752259004 0
0.8104705208310481 8.378238467090611 0
14.873507627860468 6.916229156623781 1
17.63447413951298 8.973656500862056 0
17.505223055373722 1.459018560141434 0
10.762304169398636 3.4897480547058257 0
16.309003734011963 12.144475573435507 0
3.709476580205704 5.8983031491909905 0
12.407069873793859 5.250510117036919 1
15.94910757096291 10.955971642179831 0
14.581022521015088 3.993407772180797 0
17.493572515920114 15.272549642440751 0
14.89504578200261 12.290948533542398 1
12.066241271524007 3.3781530391898373 0
4.410554737751076 12.264419873205892 0
1.5457272738518446 14.422520082525455 0
10.853754126863562 14.58182125298311 1
10.287004610147118 17.05525003154593 0
10.452838163331965 0.21586685941066497 0
19.063912444117502 1.4394898903663988 0
12.271294643752665 1.797622678131936 0
9.833236234538647 19.438507229166525 0
7.6024030073952575 13.937905080995254 1
0.7866825604074323 15.604282727843037 0
10.812454274011635 6.814895604083797 1
5.65323402475938 6.899272923674884 1
2.566808428015097 5.260374175620138 0
13.512303165722194 5.495569917164578 1
16.044995282137297 4.463095872138469 0
0.8863442242161024 6.552484213377792 0
3.250945977529367 9.740187189854908 0
11.481428877829982 13.379099515309097 1
4.120030243554376 11.924168004284244 0
17.983459270809302 2.5639616287901235 0
11.09605912731438 8.840114307426326 1
8.504209375195416 2.4343840186138332 0
7.252823733262215 18.889435078626846 0
7.976200596402201 18.049118573553887 0
6.1119334764327204 9.182180761265837 1
12.926833202834372 8.60192269205491 1
2.85798828575504 0.555401828799662 0
5.317231083717195 17.042501966082263 0
3.4668172989616552 16.3578512836515 0
2.6074179817103516 3.5895879899036287 0
7.573510499439999 7.3236611927272595 1
19.170302034824076 5.754391651639484 0
16.024870755213648 7.932874545506179 0
0.7151723233451568 7.668319707675466 0
8.748009202307788 12.120422699335405 1
9.431642801174318 14.651018922921837 1
17.16062473347001 18.249954300216512 0
9.323554146829 5.320122535528585 1
9.025198759166004 5.11095783217252 1
0.7965273521209881 9.732691158352631 0
15.22499642261238 5.351686483847253 0
5.737072619600507 5.283784279114285 0
0.7036248838333692 7.31939512055617 0
15.681200302691776 11.216766458013282 1
15.430135349782494 6.895664058303277 0
13.710345233485475 9.43398209575496 1
13.011313128901882 11.488599528867802 1
11.691213078291444 16.677818128097737 0
17.308331244866462 16.655538102551258 0
14.198043355095143 15.362464152577955 0
14.399419346653026 7.667013429202838 1
19.384062694425104 6.520750005304601 0
15.88358828751008 12.173689824501235 0
18.520690329435897 14.334393175448174 0
10.620904022607998 4.459606444648266 1
15.092179725494194 0.26187878515529617 0
16.943377076708064 10.47158227600913 0
9.724504229173656 13.328125304933794 1
6.100622939860592 7.934784140134314 1
3.5015136652322254 4.087036180149388 0
11.54487734634573 12.943490196205614 1
1.1042487689561886 8.358181305806143 0
13.181945469832268 8.62225437529446 1
1.4618184501486597 12.23053017148985 0
1.0701732262064478 13.35798271202046 0
15.412621061747554 16.743743382165622 0
13.199323805178476 7.177323127284132 1
19.024134639257646 12.244919006442307 0
0.6236063070355513 4.285218360927234 0
6.10287346661684 14.250482610264545 1
4.032004049307214 6.784175558500241 0
8.215722753662764 17.149514294478678 0
13.602963877465044 9.649107524929303 1
19.67977067511888 4.595404382309587 0
9.393581985961834 10.326839655847468 1
5.455720825730848 5.192585977663196 0
2.8548272304368627 10.471217698733469 0
13.378592489373865 10.194706800270087 1
15.092357861873326 2.5437638682273733 0
5.343700808380212 13.415539645299244 1
4.046846161051761 4.020886667903749 0
4.777960615354697 5.476095644931595 0
16.037117038965945 19.104894099063777 0
2.7920858552426586 8.663093286472684 0
11.879134209179576 10.05034894238895 1
7.218996843396724 1.6991401791979155 0
10.53862660573973 4.401251752993933 1
11.79706921338644 3.0189628089555187 0
16.353787935484206 8.484122164519972 0
1.8360548594034243 0.054078784049851336 0
18.422738910867086 17.169964764321307 0
0.7742429282914021 17.281786825119024 0
9.4337711697858 18.12102743384678 0
0.005541947736678043 5.201226424271557 0
5.521920425756692 8.276303433731265 1
12.086508657497905 17.890126121636776 0
15.02349425627293 3.8481244797539382 0
1.8126777595811472 19.978058032260794 0
14.409382431980886 18.600044438989375 0
13.191785356739626 3.4643877369433818 0
0.0780187832238699 9.426708921505192 0
17.33438111269876 4.142381725483835 0
12.440166205362102 6.511666136977238 1
10.95576353493909 14.406039398103985 1
0.9704605492689033 8.942705491194744 0
13.502927408046714 6.375091244055113 1
13.12455922595262 9.81511543630221 1
13.876813221892029 9.093475209923747 1
15.180150549034117 17.585162111899738 0
13.19624104223701 18.034534364976395 0
7.06395549819733 2.171960809550435 0
3.6113825281888845 15.987019327988136 0
6.79211463267592 11.385267978084253 1
3.7256593628611756 5.799677021141316 0
2.0911606874247757 4.065219109471137 0
19.266490058094828 16.2609396302696 0
10.55405526394986 16.545329441981107 0
18.598151176445178 17.847609997221966 0
10.533051004610465 7.161470926500577 1
2.9262002872146065 12.9922035995634 0
15.321500365556455 16.785347085223968 0
17.994360249137692 9.222259938014595 0
19.013866224147378 7.04768172232872 0
14.56345805358906 1.8694772775384294 0
3.85691488531424 12.133233385970314 0
12.048993328739943 0.28154952833527425 0
9.655151930587627 1.8649160843099333 0
11.330924130433273 16.78310223626397 0
12.656695244828777 8.284201860130445 1
18.99310476936832 7.842948890092753 0
18.119649646293354 10.703027280046769 0
3.990813496455159 1.5003157903961073 0
17.039008838360466 3.5778833534311905 0
18.211257857599072 12.695812413334568 0
14.385352288494698 16.245439167872636 0
7.1630364582173955 16.47746146460237 0
19.95621661471553 16.000011361967154 0
2.005800384716605 5.889064416686772 0
17.457571039905893 5.442525426652964 0
19.4014456900961 10.692037892454497 0
11.817491920096842 0.8600567215750599 0
11.771520952655951 17.73913574407253 0
11.839632080031723 2.878489799867734 0
4.383911822043698 4.464031338791521 0
15.7971330003502 8.78107928669855 1
14.139608537105893 6.453630178017193 1
14.840684283644435 19.312409569292846 0
16.005380754310565 18.23092660600913 0
0.6439575023151711 2.4388779720592257 0
14.51470421293772 12.830142018729243 1
17.97900498801799 19.027747674065115 0
15.362061427045974 13.807759717900323 0
18.96675106019342 2.284917147906549 0
15.825074421887342 19.263236925084094 0
13.244322913676864 2.667085516093093 0
7.320254314996206 3.098981650427539 0
9.631080140327722 0.12950055284777662 0
1.334762193427208 4.119500360787535 0
10.789054628851584 0.8903581931263638 0
11.94806585890364 4.557094733844735 1
1.170627821961343 3.849747261520182 0
15.243759388373439 11.097400598642857 1
9.711458588075777 1.887416453175963 0
13.005343015821818 19.808679277439108 0
13.464823613618782 10.932268258343278 1
4.819102686873884 7.521700010833392 1
1.5629248810449603 6.231480481200378 0
6.550078438678044 16.365687524854135 0
6.835903949153517 8.398450587307984 1
18.20092822591127 0.9083710598518602 0
3.57249659823778 3.0928827565138417 0
2.769686565594931 19.128085451175977 0
13.893001805712036 17.374673670384297 0
6.308144115839678 12.022426512444316 1
8.378623651346723 19.16288209744256 0
2.8066755796651566 12.140805612138228 0
15.656074745213404 5.201281869369416 0
13.531368537388321 16.5827954467937 0
11.730332215215984 6.0812994189454965 1
17.296900182556886 5.8843448346297595 0
6.479358395110822 16.53612841962485 0
8.127989164150693 2.382865451341407 0
13.180272950501603 15.930184138484107 0
18.161473101437053 9.765963952345015 0
18.302957481037694 19.130317517053065 0
8.630799540180698 15.336487381474111 1
7.981814277260517 2.2162451988797427 0
16.771245383229466 12.71986367528368 0
0.6148754428116621 14.152147057207426 0
12.528196437776478 5.60257674305384 1
15.65323175658431 13.71242373155022 0
6.441756270134283 17.566207300527797 0
14.317586990736263 9.554073579771343 1
17.38411982713825 14.271642637122557 0
4.921920900602201 5.178573170827095 0
17.10031486682556 15.922626418994312 0
15.586632665577184 17.873206579671866 0
4.199369120712193 7.0433458357152245 0
1.0186563210813393 13.1853025322358 0
18.38726305941307 14.868237463901258 0
1.189153824956657 14.981167592464153 0
14.862843857977364 11.530312700160096 1
11.098698882499223 1.7868614278686312 0
3.888685403569283 16.381688706044688 0
11.551068419151134 17.841452172704734 0
12.299377550189387 3.846050196388706 0
6.717001505896533 6.705073355297957 1
14.121986267514483 11.972180937908517 1
1.2159810720692232 12.149678056989018 0
8.638399305330232 0.03227238857206327 0
11.761626011043996 18.178759185924218 0
5.621512541715175 19.996196447279626 0
9.681818292590807 14.456208355924648 1
12.26468793147831 7.643660840749873 1
17.746311642418668 5.316700311918481 0
18.810436138076295 14.346347659966565 0
12.380912165350393 12.960119616384906 1
11.27213152822188 9.808137970919347 1
8.58395332039821 16.35198334577747 0
5.379781728210178 6.807853610878388 1
14.805486721469558 14.624007188838872 0
17.95206221340354 16.548615752065977 0
5.40919062797885 17.312597809417117 0
17.6891583660925 18.737230300740894 0
0.9748012631889047 11.060440434757721 0
4.570262342728732 2.873199816408707 0
12.268832363931356 18.550556674021017 0
10.527389802931928 0.1247773482675485 0
2.3894961035107265 18.81896004181448 0
14.20970903948427 14.168999605423526 1
9.425198926878139 13.633391657239757 1
12.50402513274963 9.58386295138547 1
1.1902450576903512 1.005311785578351 0
18.134855823586992 0.2871939068736262 0
7.777208179117396 12.206704789190958 1
8.750306221268652 19.763523516250988 0
12.634240898566723 7.272360396164627 1
18.264376823306748 14.422233883125699 0
0.4600776745633506 19.98589049544571 0
14.831345601225 2.8704844140464703 0
0.7787025979332562 17.733299893808866 0
14.66474892817438 7.7728250558529925 1
3.822469900053558 13.969959770654112 0
10.299068137195288 5.5676104326031055 1
5.106868211944324 6.897113228870417 1
1.802296364379472 8.90847539054957 0
12.755579814584575 15.960697000513758 0
1.3293224260512404 19.142984360428382 0
18.474042397582156 15.069195948737669 0
1.8010022932828207 18.42642107338441 0
14.621323216907351 17.75410926344807 0
16.874284161060277 0.8584860429912 0
12.069292637449134 13.19200151664096 1
9.781212341968324 2.24831662883175 0
14.171622787083125 1.670086518715579 0
11.980277013623027 19.63144415200627 0
12.211331770628522 16.60809116087519 0
15.655227015696013 17.72510340076814 0
12.398103589251567 11.60072208966422 1
17.231217298204818 1.0045827802547347 0
17.4419448790573 1.1428918550763179 0
11.256273635310269 5.871839022740142 1
6.5226363187312675 15.586409624946779 0
1.2136441095312889 17.925559184246758 0
13.341434978350925 17.13961859029172 0
8.289907168257786 9.926007524640308 1
18.918242175037456 2.736128342415891 0
5.341020306859871 6.085195284408176 0
8.34879343964606 1.4970746534169344 0
0.04663413379292436 12.398294386869637 0
16.47009285228123 1.3306333752461619 0
16.029547143178135 12.460646611609214 0
19.15088379889569 16.7994735064922 0
3.345052655644354 17.579025812803664 0
4.721475042532508 0.009057010990560777 0
3.646281653875969 4.318929065406669 0
15.990112247696207 3.5594292594136268 0
14.303905182286227 13.627861895193984 1
16.837849507419598 13.991486457422988 0
0.5943430189699206 14.304868038143997 0
13.550782441014853 7.038876441824435 1
10.36031219495557 9.234630699526928 1
7.233961594791049 15.185387339217932 1
3.5197268159747397 14.850523326388457 0
19.382449151344364 9.444206627728915 0
15.220988332240864 18.93508314985542 0
14.366037824683797 19.491864947786596 0
14.581485360927505 5.4481723305314 0
15.414815345147865 9.531235028263263 1
4.623210371961132 9.817177784863418 1
6.636624258074404 12.704713163408464 1
10.507736878713871 0.7236936453215126 0
13.495225499049875 8.6566975273768 1
13.175950117508869 10.174882373186335 1
12.378138329543194 10.151503736119704 1
5.912667665585138 3.5652870679656945 0
11.268465402043908 9.065883986574619 1
9.548584041824604 13.164785705454467 1
9.205103222649356 2.69890172819792 0
8.015465333628185 10.387381209629275 1
17.777051791943677 7.7102976285724845 0
8.829006198910296 1.4370921898023115 0
14.336384802775633 7.899065581930131 1
2.863017187387089 2.3315307881667957 0
1.2582283232032632 10.796015935158081 0
3.3150228919440816 0.21824869791752022 0
17.554507971549484 11.776384742929334 0
13.109403934119637 14.269646267066232 1
7.946798086271594 15.263125716036683 1
14.286883874929213 10.00651435766522 1
0.14873773546697944 0.6528674056978723 0
8.849906480014514 18.278338000904768 0
4.156557989043657 5.324636675114394 0
12.12984199515136 7.9333308783223195 1
11.980025394091866 16.358052877528074 0
19.457313231440793 16.079888658890916 0
7.809792813128286 17.65453442893587 0
14.438522927506927 0.6370032382031265 0
16.724577547675004 5.216255185405143 0
11.446327236747909 16.06296536235195 0
15.953577622027439 9.692742209635936 1
15.698513524473745 3.1820075492176803 0
19.44468359777013 11.891663108829647 0
13.220705697621467 12.2857279540371 1
15.248309260457294 0.9742266612018025 0
9.258302983805201 13.480317964608782 1
17.7751609493709 0.7376909505787999 0
19.38914300016576 17.492138730174553 0
4.613623409697627 11.36932410415245 1
3.2552625581683325 5.212669280786882 0
17.716261649259625 17.672807800890414 0
6.731941415697465 13.90873826033099 1
10.251352327540609 2.2355923706684533 0
14.057131208594775 2.2104362187160853 0
11.932910376343672 15.51410378483687 1
1.865370393903869 13.961796882393092 0
8.412358754957694 17.32670037049822 0
7.209978681882405 19.40842843325504 0
1.5627569245054462 12.680221133708816 0
15.18638244324485 10.365084309838362 1
8.792731371465281 17.02325613899109 0
1.8380271477026677 9.737731858957892 0
9.999330728404981 7.187878778108743 1
17.538607992131833 0.02728359361466204 0
0.26476573330094233 15.548606730066366 0
6.408474275472691 3.8271939251648845 0
14.330402665270395 7.521601794766866 1
12.622667588806433 1.5054283090775833 0
4.98116010931116 12.484788263381216 1
13.368438731776918 12.126412550825822 1
13.639833641733274 9.80721889839774 1
18.372580570718625 18.996546254974536 0
10.876271158562492 15.778581174741156 1
0.026307352932266603 8.40684661056547 0
16.667226619527334 17.55987791260359 0
9.266028578847243 12.009663464818468 1
12.800407735458553 6.370647456352456 1
14.424161937924717 10.711540109426005 1
18.035720392933374 2.005519214353837 0
13.66143457279465 3.928036559700232 0
14.58325309358261 7.8978417599194595 1
0.5769963172107717 16.872919578062245 0
9.847346022958032 7.5353795980147105 1
2.360241143020685 6.568487359716464 0
18.227801028367736 14.558196866352208 0
14.304993338767527 4.043773267461814 0
6.356045343296763 6.650942847999404 1
14.819241129999671 13.142342621680063 1
11.605362763271573 16.81516004704363 0
19.39313377703739 10.83357839187375 0
5.807327574118 14.096139489300366 1
1.6783541549844117 0.050793522156282744 0
15.826410251533849 8.215858176947302 0
14.285411898553512 2.9888383924281703 0
8.492067044648808 11.69658312787204 1
6.047139278360644 8.014341874448608 1
12.0708642032697 7.928775520433384 1
3.6566902759293596 0.37283978043580523 0
14.885927393749556 10.504523687640908 1
5.716563280339974 12.312254797832306 1
17.445953648581614 11.747421166292199 0
3.699432141890353 0.2809154683512016 0
6.811302368028271 15.236333731413207 0
13.296155663822422 16.474741925699142 0
19.362510907534954 11.77999366458405 0
10.831786256612435 12.506625198178742 1
7.893781283266829 0.9167031002012704 0
5.118816165712079 4.272288470931748 0
15.53394137188144 13.46671471419808 0
15.74765547369552 12.720200260721477 0
1.8202405999138715 13.872247522702683 0
19.595673174760112 10.723562086700003 0
1.722412513330125 17.8235461235645 0
5.13316086830325 1.2704765075099989 0
5.066482581519032 4.4204098553088045 0
14.702587729506956 6.680481016019675 1
4.54213505406313 19.331298956205632 0
6.798754633529729 17.04951353719567 0
5.014441753286231 0.2128419219891775 0
5.362969669327762 6.670009438812176 1
13.468563872941504 9.325159921046959 1
7.158461492870451 2.7393386665228014 0
18.33950336222439 15.045075208640801 0
15.891237249549635 11.700867956944824 0
13.677582203229255 5.717310229527444 1
6.2758579590514145 14.802829219742812 0
4.1314689541749665 3.2926344700219268 0
1.4749889873228161 6.428516889486538 0
19.751833659015634 5.376826948236236 0
10.384979927867516 5.382486538670779 1
2.624279167076944 17.19766412855597 0
4.289000677806946 0.6739630611517033 0
17.82101848602832 6.6763312865167475 0
8.648558610660249 14.007160897339915 1
12.592991429223643 3.1160819308899157 0
9.729220849505115 7.3330105539049795 1
15.935974440344339 15.096630239988546 0
1.1479452626313424 4.125672437083605 0
3.4395647831470266 9.004395661766488 0
10.366219559583614 2.5957289599146027 0
14.702260421933795 2.483311125204122 0
7.053794798094204 6.984564402572959 1
2.2890566524631506 11.920000170422826 0
1.1856548957323243 12.864383038585105 0
8.667543657182875 18.273303626368982 0
11.518472275637281 11.674810202603963 1
5.077026189095446 14.712244813761291 0
19.233161044009428 10.481656643318312 0
19.596088207776816 17.747098231332092 0
15.81535353698772 19.01366218734536 0
14.196634682633222 13.588353683718267 1
4.672910418248959 8.302367021051236 1
10.981585560283868 5.4747357370146466 1
7.6710878585116316 13.845306314527164 1
11.801663236739707 14.294373929940786 1
13.928638659570181 18.268446348001255 0
0.23788097515539341 0.02385597738477907 0
7.4026699982705235 2.977396331789288 0
19.242707163673277 3.916942354870845 0
15.507190217814777 13.236901662314333 0
15.842699330712954 13.791265167820123 0
15.788220182242602 12.055827190900194 0
10.579960863309857 15.141043638338427 1
13.953134228245489 15.640770411783834 0
12.116718573342753 5.337171417512816 1
10.243019153925259 15.277810685303553 1
3.2682944792788216 14.31138660399979 0
6.405100791134686 12.69354388044743 1
15.675044925061531 2.8725462642492294 0
14.106611723784292 5.419068180637603 0
6.898145819479328 2.7450151111676857 0
14.649558294366503 19.411883983806703 0
10.81009449158137 18.8317380241733 0
7.7002187918768055 0.7119151264006329 0
17.088322590759443 17.712689669708507 0
13.691209807142776 17.134372970619488 0
15.750781371093222 3.096401936652027 0
5.397393376092145 8.207835583920467 1
10.455485281704336 2.7254015190886305 0
5.615446093118837 7.864601103847417 1
7.773868514949607 14.781655097387898 1
10.970729098867709 7.009043846080698 1
1.9519817317216859 1.291509713811858 0
7.896700276248058 7.424391861381934 1
18.036475369123274 17.76126980847744 0
