10.292135969856549 9.352248834126913 1
4.071607299826261 4.67054414995361 0
18.112116151764436 19.576828280276658 0
0.851692890198017 17.760404493536726 0
10.393680528443642 5.3901348579507875 1
9.170808570006967 7.5763973455417695 1
4.331421284869583 9.780978196507291 1
13.952331235634553 18.069611715854276 0
17.438440215852204 14.867977757712076 0
0.625399387040797 0.37687246593856916 0
17.190876018583534 1.5537869999640286 0
9.418891451178153 5.387777425514608 1
15.319493349647821 0.2999832925788515 0
14.795662772059837 18.82383969290459 0
19.847750858758 11.554729732133444 0
9.451027550956512 17.70452065287094 0
7.636376050188661 8.319285270241288 1
9.303909977628864 15.167395563744018 1
14.085609656686195 8.193004397826545 1
15.055530185086347 9.123033891271886 1
16.444922768393646 11.490507731981026 0
13.788419363578743 11.057101558748425 1
3.914244438799148 5.319192079378102 0
7.596363229217866 5.886874395126959 1
3.2098300927525547 17.716498988346522 0
8.754385806963722 13.176796261639534 1
7.806001755125402 9.768950364472872 1
17.814213443160153 16.242375483978726 0
3.7260874873376726 9.295936068435404 0
18.7038607135406 2.50938605518213 0
0.23973633863438648 3.152218601067338 0
16.223333385863917 12.838122346420667 0
19.46758523708815 12.258203002992245 0
14.96249049803416 17.14953311862591 0
4.693566196149897 15.09649595873748 0
10.906801047545155 8.100811237256787 1
1.7739633611808792 4.729861283431052 0
7.405277651061921 1.342386190906566 0
5.186702716610978 5.339153442799565 0
6.503084688350733 15.64326462183994 0
2.3556370566446705 16.55650681754893 0
8.89918364577654 18.901168134751938 0
1.8599050656318061 4.25446337349479 0
4.0679082716125015 12.891558417812657 0
8.735373674975289 15.735973291173595 1
6.689056230856362 14.635309653083002 1
9.05880633419158 14.079133862786989 1
11.208632311837155 15.005163769636221 1
15.06175283638677 13.256368233217053 0
19.359697822978227 3.950273121629735 0
16.674518674779414 4.792318173262389 0
5.592852870161307 11.021476403377005 1
4.33592216885436 5.2971242913685295 0
11.386427014018217 5.184018557981562 1
1.2358765812729589 5.711600760606537 0
4.209932082729266 11.299934362625379 1
17.82270691755734 9.512708179910202 0
13.226268982705234 0.5198556130309884 0
3.0113172890506057 5.512851220562293 0
9.819872668903573 2.482698831343837 0
8.704229850604452 3.465025331307927 0
13.1079412675225 3.013047489243643 0
2.986261330815372 6.61916403313197 0
11.766398812329154 2.4758288096941405 0
14.024905079393367 10.59736294104839 1
13.220614389158749 11.636972576290287 1
1.977308608486743 1.1600742901874117 0
6.081945986407044 12.684078063368474 1
18.780782373373444 6.575126755154539 0
5.8348845888206675 11.33567376177432 1
6.9825856156012716 8.40245211881313 1
10.725810467451 14.490595190496961 1
17.43312660667175 3.655157717793762 0
15.919988555651003 16.50278126887121 0
14.831641295090229 13.114448976566639 1
13.491883620865101 10.71407195260999 1
4.44160578227071 18.045440924345407 0
12.884832677905916 11.836493850314888 1
18.36455933462152 2.0643202261014393 0
2.608349278283355 3.260192083337159 0
0.15242226910473056 6.270283668285044 0
5.880268139493401 2.4511508454785647 0
2.2607322546913733 19.49963893799439 0
15.39716715256938 5.678960332684233 0
1.3264830384097004 15.626925177567285 0
0.9008697175891811 9.43948736006605 0
4.915382805876405 1.5607427633647264 0
16.198017721704915 1.3162280295056283 0
19.497388778882442 3.3438309474471573 0
10.059057385094754 14.765821692504284 1
8.03200137325929 0.38480656840131466 0
16.758494016918775 8.742937831644237 0
17.835439785240517 0.5041728393180711 0
11.775172681110908 17.05145569872583 0
17.80722600528822 14.613077935777623 0
15.969476004316938 17.301203933675552 0
5.2094995795688215 13.174784507967573 1
13.90649879362108 6.79751428118895 1
5.199172500575974 2.1283238107703517 0
12.771268565027231 18.254084370496113 0
8.58049639248307 2.874846545106451 0
6.053296012135956 6.614386912296859 1
5.019800792397271 15.486623008645918 0
8.95629409082365 13.32077670373048 1
18.69931289103795 19.575384887599526 0
8.49673687302383 13.332156234837631 1
14.170826793877616 12.077132239894867 1
11.416929490567933 10.646933705649168 1
14.85800679466398 13.211190811113502 1
7.579048362625449 12.819932687558534 1
12.740140903031731 15.472460458552517 0
9.203069316870941 12.51246330093699 1
9.550347168250877 18.492027610651284 0
7.988287909581349 10.260616640585553 1
7.837164895621289 5.972495883617885 1
14.405236283541765 13.150553631624325 1
17.712158572308702 19.36789818771898 0
9.600065779547723 8.356746436553601 1
19.694273458452702 7.118883794286401 0
8.526787709560722 8.296908640420062 1
17.350419164030725 11.03406424198438 0
1.1068158786065507 7.361891349237721 0
11.847329347331835 18.534805611601964 0
16.281599945073836 1.3418329559329 0
15.674396763343438 12.093614744719956 0
11.251877871183378 6.9610718619298195 1
19.35274645200134 2.1733264562765364 0
4.609351883582093 19.989644724037724 0
4.0255318449771105 18.610552804358157 0
13.726475442423842 2.9254932581635185 0
4.757989030689194 6.9830181689243265 0
12.742497581595186 12.782952790949917 1
17.69394103267488 5.093349556536795 0
3.410291210426337 14.719807088141527 0
15.423856622580827 15.67932378991786 0
19.30268884153664 13.266756906702641 0
6.188797546569063 14.115287328849098 1
13.042660034779367 12.482398667820538 1
3.1529545723545827 16.258495129142553 0
4.1993563717531 13.510906889206613 0
19.97306179314701 17.93008325440417 0
17.379027266247846 6.694575205023103 0
0.1894157996130974 19.667453948516602 0
8.303264628929712 7.930228405466333 1
9.967010280811232 15.19620099146463 1
13.454289259859639 14.061019101328679 1
7.145111358792655 15.696780415868512 0
16.858789143136455 16.931214490350577 0
15.531333902193758 2.0318527198858405 0
11.555641687685709 10.40137943070057 1
8.432257984365263 6.461620402128347 1
10.970301963656606 13.121924149054081 1
6.48780649210898 16.47876429466143 0
8.081788183691094 15.966383071143643 0
8.811278240509072 16.303378317017966 0
13.61490381524558 18.728777064596127 0
15.850107285939503 16.947339213712343 0
0.765493978584455 19.09685642435972 0
5.941205525880166 19.30142113071319 0
6.305260215295738 16.434362412946705 0
10.533583383139472 18.47569602640837 0
17.91071446283813 8.396193997892787 0
1.6302211129369581 5.0910415350929465 0
8.211894308109 10.280496796706082 1
10.973378112215869 16.259085342552485 0
2.5261023930948134 17.462023213902846 0
0.5999436069472486 8.021793226257785 0
5.954188822112441 10.354909686073553 1
10.996789790586725 10.605243664118722 1
1.314352125161673 9.74678454552307 0
15.982804141972284 14.765349056419003 0
10.264189558871193 1.3687440452924515 0
13.051040225063415 2.5851890375504105 0
7.9009090712488295 5.5830400191700775 1
5.902091025857235 0.21145098448359434 0
3.5577886233541567 6.753932514319063 0
7.534954491504006 0.3656960224065875 0
2.3036458834317997 12.792260428463518 0
13.264188162428454 1.5981654322812444 0
2.1901331885373376 8.33134405649047 0
17.847601157426038 10.059259121036206 0
15.12799925395929 14.234448525166103 0
9.845799075325516 4.148320482247049 1
13.799586015864891 10.878411164922877 1
19.534257695447167 11.04590229607412 0
2.148731779438944 3.2735664961854805 0
0.5865931522524681 2.3408274551475383 0
4.3359047006146145 8.340240340632585 1
4.745431261044681 3.4185086340206494 0
0.7105690456194802 12.789256557968063 0
1.258575576423957 4.626772137829023 0
19.865152252776053 18.212476319615405 0
11.409559339313368 19.676000194072735 0
6.050073631635701 14.110992677132002 1
18.238953794215142 4.555372830807853 0
3.432131034284156 15.61466106788844 0
16.80770989148942 19.47894312688486 0
19.697106664952376 19.198067476311593 0
2.7050902297221224 12.611399155375285 0
0.610598486646492 16.328869447994204 0
16.646088067826923 14.56097484795622 0
11.193855410408988 10.260914719536876 1
10.661486750094562 15.457512448289652 1
3.417354943024311 2.2106013815136483 0
11.283628326212673 4.5664868163295 1
10.569631668276422 0.7854189034043824 0
11.182110942728192 11.818400679169947 1
9.794394062791199 11.8818296876513 1
6.190792291143925 12.755048415428803 1
16.622861986798902 9.327367201390755 0
11.809989071503463 4.4744730057146365 1
15.027356792524149 1.2960244107429908 0
8.946710302651882 18.69601301113463 0
3.4298285830571507 3.800147653202277 0
18.389631884391314 7.276861625251605 0
17.874795893271678 5.923707458079727 0
13.320123890069338 15.375715053821185 0
18.978468839219815 10.713352723890996 0
7.379251972810401 3.536643087624227 0
3.3693938604005624 18.49670490847846 0
2.9319084262396933 17.407834914907998 0
3.5207476990363107 9.075220945430296 0
17.209324047970004 5.802889511699432 0
8.784304044711519 1.8533423949929784 0
11.78034844518342 12.517464538929966 1
3.345273999896645 13.514807813658331 0
11.38966140735976 14.669793253485503 1
13.22877277877869 13.186291404468395 1
2.460436080287074 2.2013972633774626 0
17.67771624434374 8.768464127263192 0
8.347077585919877 16.05286774022573 0
13.230544286445635 3.550089847031428 0
0.9182563459881821 0.1383837043475289 0
6.959977967978597 0.3967570911009788 0
15.564403970034196 3.190384715142547 0
11.910852533681084 4.038631693080568 0
3.00055866393111 1.5927415515694032 0
16.749813287166756 17.911310893594813 0
16.040216754921744 15.37352511902319 0
4.465454495936818 15.146365571454732 0
17.22088559405957 13.97864659244947 0
12.95729093889334 3.7534727266770496 0
9.00457332048597 13.822402873732532 1
2.1959359580340454 4.603453007698994 0
18.27843683344515 12.339052218915397 0
9.735281655493853 17.30963842189158 0
13.369049904121093 8.786710724384495 1
1.8893506453000364 4.591251588259615 0
4.810357155361209 9.329566113822525 1
2.780173098949168 5.923667133843098 0
5.3014785126311565 19.89472960072142 0
3.8196829873330063 4.745571817326124 0
12.991722728532988 2.138770694587253 0
8.24986541505513 14.221697446546035 1
8.497404984399042 12.994905565811921 1
6.398146754884189 11.525792077365553 1
4.593471864890941 17.599914632627964 0
9.09702745127422 18.31396149777323 0
11.550624740275914 2.4438978318050864 0
9.028652029379147 5.130300885194741 1
13.601520041155748 7.911262179443113 1
3.304149579625222 2.0025492181727356 0
6.425933865428615 12.2920853019329 1
13.779675657177071 0.12342166030521406 0
5.404476249124266 13.464532400686721 1
7.473819950794587 0.8181154595091633 0
19.282740027404877 7.801774716756049 0
17.833793288194713 7.984990202936302 0
11.86069862560861 5.637457197253102 1
16.11971317336916 6.051907458297469 0
2.408071233874891 12.273506136736152 0
7.98972877126398 0.2841389247942594 0
12.160191229680004 2.7769929068746313 0
14.813332959047873 11.481361176751097 1
2.6490897834988814 10.100884545811418 0
16.751117563787417 8.181916143838748 0
10.540606926201953 3.8014660342233553 0
16.86667470535205 15.760506051867551 0
12.958346986785935 4.064663897872622 0
14.59381057923282 2.41576046947809 0
13.55068096142242 8.14998998322968 1
17.646556392663076 18.649526846854307 0
5.930413508079542 9.806431195239664 1
7.18702749030127 2.775831014090697 0
9.43861599587014 15.957107489489895 1
14.955554295976201 4.8036151553089335 0
19.2520642076338 5.770525874510315 0
14.466425333579636 3.0853865099414834 0
3.0524416575379543 2.4774169373035537 0
6.950330873438409 12.172506417192054 1
14.557555304375537 17.925819057625567 0
12.687937786731977 11.455991427640129 1
9.92518019168854 0.15520839613761606 0
15.305385747232535 4.491565686372998 0
2.8832781589539236 10.321536455120924 0
7.093604069259554 17.780429485762646 0
14.37407321785495 4.430443239959622 0
6.559814543131795 19.276562038965753 0
15.00420719862502 7.999566113143084 1
4.286405713144132 13.900260252318667 0
14.865494175689198 6.597326907984291 1
16.668858867498173 17.250022644235912 0
18.66849588979235 18.58449517630352 0
15.721697005877651 7.014354959070095 0
11.353001193442882 6.58533685947239 1
3.901381166468547 15.982788037546591 0
14.242555635267413 13.439960007080565 1
8.268383766112354 14.908682088686845 1
7.906542562866368 4.878758685100051 1
6.796106522566201 5.742117736490197 1
15.380154092759 9.00218551706315 1
16.86687351934816 18.56220680894282 0
19.66912173556199 3.3575898505482615 0
11.714451995548059 12.5926410349948 1
4.481059640969953 13.705738105575382 0
4.221212683339446 6.494566609075294 0
3.575625882392006 12.267952716804569 0
11.052345346365165 13.256756089941192 1
14.6885833526485 0.270396418443275 0
15.323452618103158 10.46387003824831 1
6.590559580011126 15.913890831558607 0
7.166876022169644 14.357535302356563 1
17.796452059894282 17.759693273314806 0
6.515887627757824 0.14692482498103843 0
4.593830276495543 9.144073958167084 1
11.72328371908656 6.344544159294207 1
3.9142697679625615 10.510067588750076 0
13.961925085097848 14.38211165985467 1
4.073456169628935 13.972371580120962 0
2.3618219459012324 9.316380510423867 0
11.610673017478836 9.937324744333964 1
12.183790467388995 19.23257940248316 0
18.62471828091171 7.341655499709738 0
16.173548582348445 9.828886907950622 0
16.320649246626967 1.0459069679858901 0
7.6276921997503315 14.268016988258097 1
9.062699531943824 4.704573470969116 1
17.41059373482346 10.614372532351766 0
10.218303838436588 7.318930218914974 1
9.891100059042676 14.05809440413563 1
19.209460829226423 11.186338127829469 0
0.8104955018905668 8.659187377229596 0
3.7624615992966026 18.484952421878486 0
14.114389867451589 0.8237344967300531 0
1.2918282354872512 19.779764131621715 0
0.18839649145660609 1.3211082869440838 0
0.09024688596306785 5.518327118593307 0
1.099240058415376 12.286613494872487 0
10.572895505744047 8.67797474696398 1
11.019550371269569 17.85566377427714 0
1.4089439304388707 12.430451457616488 0
13.298013411600351 12.36156941958329 1
18.189237498843774 6.722519498587425 0
6.377755687671627 10.565372121514311 1
5.445791108866011 15.521430020147182 0
16.974882090139246 12.97732535969762 0
18.603006579732302 16.15157447070691 0
10.072268460098737 14.080637116449552 1
14.717155893087101 13.520560245647797 1
18.01857352551729 5.284293103522241 0
19.25201159286684 14.299727526690853 0
7.794893484293288 1.6646055782994362 0
4.993450270231308 9.765911657424933 1
3.443645748840547 12.766632333313526 0
13.23302028316639 0.708547337494696 0
7.690352253777883 9.298406480394855 1
11.965584667127203 12.435998565006859 1
9.085916888006608 15.423025700040615 1
18.00169975148622 18.68201607801766 0
12.939815781733376 2.459096015604736 0
4.432822809262122 2.9818150714470337 0
10.468635585561914 18.159969924852433 0
5.630232195956653 7.844794787580955 1
18.23724693420915 19.88363795674941 0
4.271084845608577 0.6272934258546514 0
13.004881460352994 0.23054745829198087 0
11.226561356018765 3.9740095805124387 0
13.66297349131507 16.932988972056492 0
12.883455402837392 2.759240586290972 0
13.025115039184126 13.280733013348698 1
6.908881457467957 9.489170893455881 1
6.285434848198923 5.9778331529057205 1
5.7207684612947585 4.774600987611201 0
10.163695845530672 11.469597171940888 1
2.919539634950332 18.75111583256426 0
0.5597274273668784 15.411994216619844 0
10.191138654656315 14.078379999393976 1
3.4516424578940152 0.49507705412943803 0
15.85350277303386 17.976325973050994 0
15.29396408069957 13.419978552075367 0
4.526899788805796 1.6268242060398808 0
4.186665061443529 13.875575845966644 0
15.15861492608276 14.30273486391255 0
15.09618658404971 8.34550154834826 1
14.029634488945534 15.053308101763259 0
15.846601744814127 10.687812795978404 1
4.398479093264935 16.64503982675916 0
7.121844989980437 10.350551756670807 1
7.275652232823764 3.4187371245540255 0
3.0581603559974613 8.85721582831042 0
4.5736726852585585 4.817767409251708 0
7.353393003541826 3.8577653789820565 0
3.91069178038451 9.43123989679428 0
0.6417210734705114 18.666192251336945 0
7.887797228323237 16.644937275958988 0
9.762989958072783 17.961535925297106 0
7.3302632947557615 9.329671185655641 1
0.49881615217040487 2.6024500795758954 0
12.175706076394167 0.16903243491730002 0
6.668405576943314 19.178779347941397 0
19.889466340066843 15.003203674075966 0
11.14023640107698 17.090524290829713 0
5.16585561076319 1.5004646618380968 0
14.712249048546104 10.978437699347134 1
10.543243644922102 4.892140600628869 1
3.3277337754482317 7.142397026869036 0
19.290263205958926 4.1589879483671695 0
19.173427360177964 9.986450402786325 0
0.021827900171722536 17.142891845527902 0
8.070584515618453 12.602962787977285 1
10.462968500322882 18.034359160661218 0
0.6451216371163326 7.485672074524707 0
15.107729809695883 16.420661843118772 0
7.324799556670145 5.5879943396305265 1
10.89503861376616 7.791049625954283 1
3.434979568604728 1.8278045491997519 0
4.6175529853217085 0.7509127885152922 0
16.736906788350826 4.5151591395880715 0
11.583812034442564 6.205779527002675 1
16.404750551202177 4.697068569830456 0
5.766453618314086 9.17918351441876 1
9.258443142475448 8.468124242645159 1
13.333494244425037 16.228499814028183 0
6.5526201245145765 11.996084450584132 1
18.845370262216306 19.19994661448877 0
16.533402791981715 5.042384783520905 0
15.369410373030362 11.901444050192262 1
6.3806561799342365 8.189873770918757 1
8.395886570853246 0.6951256444460707 0
9.812946114363424 10.041907142034628 1
3.9541928471666465 19.765581160319858 0
16.464118736762188 15.507322939109793 0
4.837784455860101 8.758697513183392 1
12.863880505331222 9.819718452428525 1
5.701773192489339 15.07705038656361 0
5.077165616898456 9.925054563086054 1
0.27814486779462744 4.403709171862802 0
14.819433562114334 2.589413368825657 0
12.571865236007406 13.63411749474566 1
2.9914938848372885 4.758083098238844 0
5.424760659748495 8.312903900124786 1
6.455585819186915 11.0648978113708 1
2.7071341853283526 0.5665941552727394 0
15.292488858070659 18.64035307824347 0
5.808808060861789 7.4334247625186745 1
14.864173920063742 1.6178811061763798 0
14.618768871598872 8.775005800343374 1
18.927773798130954 0.540345711708563 0
16.183548486389103 1.7704746022256446 0
10.825638409521021 17.41174021957316 0
15.40265243882352 12.222439970339975 1
9.454235478252613 18.406266123551283 0
14.94858329202219 13.566910851112105 0
8.073234737950546 12.72818245390664 1
9.54873371676728 3.8440209090595 0
1.5630212047511427 14.678517436854355 0
16.58393879434949 7.181138884237286 0
15.434513528489441 11.674988190734892 1
2.4498471891090756 1.2778114847378252 0
8.286608884358193 13.202757265997707 1
0.5329564857839753 17.146762399147867 0
3.093675601405066 0.45802374271121327 0
15.28159438422001 14.247272763089995 0
13.350072047643351 19.54858070234614 0
11.82655339503167 13.32430752447052 1
9.359461530853848 5.126940440689005 1
11.124013920344831 10.03646381334272 1
0.38091327678450915 12.898508516546805 0
19.078853860006163 6.713267102212734 0
17.39932339221919 13.826842564191397 0
19.622823467839417 9.608935945426671 0
15.563936197729436 3.6127491092289454 0
12.707286703352711 1.6746156056470918 0
18.56211882414223 7.005162105292884 0
18.65706689356366 5.886831118893285 0
3.6086277139438394 15.41310751293275 0
13.259524918442905 18.520832483719254 0
14.354367737620393 8.24616920791878 1
13.535231080639093 11.241707259558822 1
17.982369459910185 10.773388146465987 0
1.9573737839205019 15.31902869456448 0
13.073367410662993 19.176730876570005 0
2.3580027842961604 17.182580875427302 0
3.1265888613978987 17.806730889447778 0
16.006605801565247 4.145063920335814 0
10.733437299991099 17.89049632860689 0
15.557796615629924 2.8276665152862046 0
4.750775373302956 13.913352590697132 0
7.725249526883687 3.96003485087302 0
0.23391045197987292 19.684184666214122 0
16.063665722646896 12.425667393779419 0
8.060518226531503 6.1148656646880095 1
2.881295680952305 3.6856672205651253 0
10.207180693878419 10.442256922905855 1
11.069527068378662 8.40850059825094 1
5.570279303525307 7.812073440710156 1
7.1863607773184945 7.370323265439216 1
6.427841339343017 2.683190432154916 0
19.697971382865983 5.86390161075641 0
8.248442356665711 1.0725025507811425 0
3.765187387800284 17.025094588553653 0
6.288476210102587 14.746507707199019 0
0.7897293168375263 15.24887590644794 0
4.3125800497096956 10.980777894087359 1
18.14892146855189 6.405164383684698 0
0.7802822954260202 0.8981409661970408 0
3.092832458091581 9.103434642487162 0
12.887069598599549 0.5928249268774421 0
9.947423537354073 13.481184081928685 1
8.316308094411887 18.260653805895814 0
0.8692419805160956 7.059619487035851 0
1.2654449620048713 19.87020171525865 0
0.8896850952516311 8.139481827523076 0
1.502937668538189 7.006245992362752 0
1.3661376402463166 8.26538706290306 0
8.710712453687737 18.564100192350732 0
2.2603745230724814 1.195600441901572 0
2.509148097195142 15.942406849977539 0
6.369938582758039 3.5945011262898596 0
1.6374352874377163 12.696088379550115 0
3.0807784582235365 2.673718912518823 0
12.929682012077366 9.512951774802417 1
7.518849260484666 15.067440008070088 1
3.9379113214172 10.787317625555504 0
15.949803662336945 0.13737602621488154 0
13.860690712954709 12.707567794118662 1
7.250632829146813 17.87197566009094 0
2.307884909842721 12.018419288983573 0
17.846337326213767 7.328764923927242 0
11.945533306769061 2.448598315691164 0
16.00487726217429 17.156798540748582 0
15.147040765007434 13.145962073647652 0
10.775510507429004 16.024223266308162 0
14.264019013191069 0.4253026012178429 0
15.056813335712594 18.839234006246922 0
7.201469786743393 17.04389049715318 0
0.6669537330993491 19.089367108680516 0
17.312593711483714 13.080382559354138 0
9.260656068013404 19.919219007512176 0
14.474451479946763 5.976767018278415 0
3.161507319772816 13.468265874073925 0
13.582944886893758 6.8818620729410185 1
15.178970264179338 11.147124289042072 1
2.2087658086034945 18.140019700634213 0
11.257026083385979 0.3980427318313162 0
19.047198128248368 19.016170739419014 0
12.337214291239908 6.065144769243922 1
10.605749551005337 19.992846186606222 0
3.0861910365972367 10.593005285472534 0
12.754654967900628 15.357799112247598 0
12.906937723984818 6.401940420724284 1
3.8324258532211464 4.862413282937535 0
11.099106970908096 14.01021831675511 1
8.754751428406212 18.826500981491805 0
7.653022968266772 1.8430137523900103 0
10.74777547384221 1.4137124214390884 0
17.42610412341437 9.777314859052497 0
3.180224163675165 6.174385433835708 0
3.8183907014264085 17.46603935469861 0
3.6909278844140725 9.368431734475367 0
17.209356649247734 13.616494599798287 0
15.73082482739498 16.949195447568684 0
17.82789009856716 7.693258500670595 0
11.999784763672265 12.428844473625881 1
0.4984094592512123 19.68522522122438 0
17.874066326471095 3.669277967160509 0
5.944322352719067 14.140173559708087 1
17.38246198480055 1.9944649053610353 0
17.21268995772854 7.948854326931554 0
4.356516699037362 19.462165369894542 0
5.330441142509339 3.8507826179353444 0
16.647851480325503 17.668532986097127 0
0.09684638014943125 6.067575357220541 0
7.187420747773084 16.600227838205708 0
4.581245273301208 1.1212333793411111 0
8.634964463983009 19.67485918389897 0
3.402786243512881 18.54745765016824 0
6.37575277769894 1.1600238183592126 0
18.720235727833526 10.991979195825772 0
11.066297737735258 3.492871183587083 0
5.7807350819424475 14.354541999318124 0
19.65260175730134 12.460066318500724 0
17.386812656679204 17.55625903319218 0
5.430316700950417 19.817168353014086 0
3.0170113711202085 12.64470416385312 0
6.806005468732685 8.390443922267167 1
5.255789954123033 11.482653472749746 1
18.96946144904073 2.0369264768196538 0
8.761983900016801 5.3595504575905695 1
19.82604714644405 4.708912778074321 0
1.0723276350397315 18.714067896473562 0
0.8333323611175403 12.14842896974118 0
14.654249966798652 19.70942212122128 0
7.830709160178147 3.040410475963 0
10.929892056536783 10.657334123253682 1
2.6187204683315435 2.542739039665871 0
14.445674629491661 8.402231686540935 1
12.867276787391246 12.865535775156562 1
8.256441690373679 17.947555293059903 0
11.496357157440226 9.320986383151922 1
8.049640545683515 2.8441447245659646 0
18.948912336058733 12.258758237339206 0
13.673342434457973 17.277289668587976 0
1.4105889860124243 11.244841858666998 0
9.742337776972043 14.025719885021367 1
12.635037022487627 14.745395566758264 1
7.471322257107795 13.242248567913066 1
18.33830499857509 18.950643555898786 0
16.722816708943643 2.672377781423374 0
16.760050573161543 9.398958643953154 0
14.727272550629218 1.1603102614009408 0
10.136285858467842 3.2436565600799105 0
0.8060481813771481 5.691963692073749 0
17.013379858905957 10.07213110350152 0
8.26146567578899 4.4543194368489765 1
15.701799919989552 15.891040093836445 0
1.5325368545967955 19.97810516474132 0
5.039032214905648 2.5986113408254763 0
12.159767211296229 10.062393623971648 1
9.080246673972653 4.556251858021321 1
14.980402440364513 18.22303701068619 0
3.4482708803580597 17.951331004064738 0
17.857841937550422 15.641787524035964 0
10.66868063810869 0.560230852248591 0
15.57524388967252 15.686034822717598 0
13.495846720420664 10.903696784032533 1
16.237369208164445 0.8733866311925875 0
18.40296051515718 12.21204005443999 0
5.181745382063337 15.448829274563424 0
0.5044499509658906 12.736456453554956 0
19.251774497383547 14.902837012482905 0
12.357453986155384 17.988444624818044 0
2.9213124327643625 16.20203421771167 0
13.834229757146577 13.535519147134295 1
18.3205701718011 16.491308017110363 0
11.738554863359967 18.411592718041724 0
7.53618734644663 5.535934272111489 1
8.29209991899666 15.069274314054159 1
8.4672112561649 15.671739187381311 1
16.20086375876518 7.101763557285967 0
2.9119682682507086 16.44883232483165 0
15.94970838604333 17.76942489589139 0
16.094227653178482 0.44794986008059645 0
13.786978274349952 6.5222345469536975 1
0.10378571191616448 0.7166800084281499 0
17.13306726169385 3.1218094672739682 0
18.32386904071646 11.777127821037986 0
12.528624052406471 6.879238457172738 1
11.788389685505958 7.509752627493436 1
1.665764066813895 12.712259815777143 0
6.002993784934663 18.19925165487779 0
15.076917626601514 8.987882374856737 1
2.216008267635996 18.59096065036102 0
16.71611312620595 9.032268577657089 0
5.044091468710361 8.955780328759513 1
19.625161755101985 8.466701375038223 0
9.226896773379414 3.4906589812748323 0
0.5717760318998888 9.792096104317789 0
13.715430745914336 5.79836452669473 1
19.542378091617394 19.586207642337442 0
3.2020156770148245 10.522515466540852 0
0.2424723826824393 2.2488392445804406 0
0.08883902548892264 9.816134335994617 0
3.992455802173629 16.919363212916608 0
13.689573237453596 3.0913723039018515 0
6.725926282939043 14.534496478252525 1
6.223642039044696 1.5283854242446582 0
5.306952405017666 13.34400354174087 1
3.3734789844941804 9.670730738333758 0
2.188530830055906 4.724311361568436 0
13.530632436483895 9.572660664395167 1
2.1334958078266353 14.476364748761393 0
15.478058288139579 19.17991096315369 0
14.572670132165257 10.214472135468895 1
18.238269186191882 15.694188909223252 0
17.4124905952614 6.9399343078586835 0
1.5385241733813637 11.501139912825746 0
12.212926149775633 8.803604012636699 1
11.4820458566561 16.76736565756293 0
2.2222731546449492 4.92549934134761 0
3.908911121012897 5.746768902780632 0
6.517916619304913 2.3802655076919543 0
9.968219302028366 9.664062997821619 1
11.524831366576043 19.91496173308423 0
8.351484109423449 12.045505657028318 1
11.032952108529198 4.250632369592142 1
7.449664929629174 15.682081204193189 0
12.936298744330173 1.352957029471562 0
2.120761273531546 14.239038733510723 0
5.316604717816307 16.995973123314037 0
14.095142605186009 10.262657753941385 1
1.9558747945130328 7.210655793338036 0
4.471155564385891 1.9420031404867166 0
15.415287337479427 11.893546079961268 1
0.22462960776125307 16.906033605693928 0
12.712351933913128 13.572879856151685 1
15.832817269487705 4.201306401137314 0
17.741889343614105 18.248735535672658 0
9.167723762567757 11.303772534603008 1
4.914993176910476 5.316504062275245 0
14.200042092838203 4.622935231492329 0
19.476605396013365 18.352243087869763 0
19.674749111711545 3.6529995724274866 0
17.659868421729662 10.202408201985417 0
3.9372939209445645 13.911644277508849 0
1.5216858326763005 19.99210853263632 0
10.694302906951457 18.919689119591098 0
11.412276917824052 1.222035255520788 0
13.698641959415445 8.345455322594319 1
2.0457093503983304 12.07498211378603 0
0.005115500104135862 8.331461942866627 0
0.5438016430484671 6.239260284986601 0
14.914481798685319 10.22880905317497 1
12.658456307510935 0.07128674957295189 0
6.828691270038441 19.032478288432102 0
10.871547570940532 16.31600234454225 0
4.646969033050501 5.98937399725441 0
1.3655734426746546 14.82821703168141 0
11.14515515081225 10.750423525509667 1
1.4801540388715284 13.411562605969047 0
1.5128766936584825 9.581747519699173 0
19.558636711321306 17.18333577846248 0
0.3757428093039161 1.9005925047844574 0
17.859492116557995 17.45409097989064 0
11.312231298451591 5.428789316291979 1
13.321484617196507 3.976948676828127 0
7.5257408395725545 1.8668298152885998 0
6.4168451590350255 2.695273843534629 0
14.052499853282521 6.004958882990554 1
5.51131898844031 0.17567675361486623 0
8.261638427567547 1.3168222377645145 0
16.355603256121903 5.213772817734538 0
0.734343951139842 18.753137304006962 0
6.528838300182804 8.87687206432137 1
0.005934262790741052 2.5052380362386772 0
10.830024989360771 13.90057439990133 1
13.895057534385014 2.5176892357309932 0
2.8465943849040287 13.942010581498135 0
5.5075653461634815 8.926887096681904 1
5.395783773653287 1.8953054494752908 0
5.602498850909543 1.1112875099479669 0
8.208172823914666 7.5809815759974 1
8.811403459553226 19.670477596644066 0
16.691209440469066 15.948024551126107 0
3.7175093614001065 11.882988727019425 0
1.058398016605282 16.940855936476037 0
8.20385980755934 9.892915475682546 1
2.428058245608058 10.361268347210412 0
12.914725578582528 15.250148101293956 0
7.7373564774392145 16.951806839349807 0
6.515719726622306 8.709478140285524 1
6.412372932035448 4.573645496649932 0
9.06066339893574 1.387682918648796 0
8.458421218395152 13.517808687294128 1
5.8082718124288935 6.7822757108367355 1
9.00470416903337 14.178332058019766 1
6.529058460851149 19.003919062784064 0
17.393617570581007 11.368723500900721 0
3.7374417569223306 7.8056746614301105 0
17.86789995681923 5.464956108568941 0
17.704261801152487 15.42496393007934 0
2.7601906291806833 6.999745023946176 0
17.475358247726657 17.999239399041457 0
2.2332260071416243 8.148267117287656 0
5.026924834114741 5.933207829609481 0
10.918272208344746 15.74388717056631 1
0.3021918441691285 14.560746455835007 0
13.751664933544951 13.934428404719243 1
3.4638485704890587 4.686861382087468 0
12.128568821006738 12.435449676091075 1
10.40642346426695 9.29752369655128 1
17.537147314882304 9.049606332834001 0
7.31085291011712 13.544062863513632 1
2.3784034794083553 9.056687095172125 0
16.14990017670746 8.916074932965824 0
5.560488091258444 18.74868286947649 0
7.920387435490586 12.154179235429133 1
2.569138422120827 3.454442406232079 0
18.915524370044952 3.893391522683205 0
7.466632831315039 2.7835928197974003 0
11.92752673646009 9.684014509923278 1
1.4677084036068577 11.468053571033714 0
10.099642827176323 17.14085338133416 0
19.195098064799858 11.144703154423274 0
18.519823031453196 7.542954588556309 0
4.052009640342309 13.107230401494226 0
5.7381307777165524 5.02158451276218 0
2.9754697792910334 13.03231860836882 0
2.63169217930185 14.450978257198566 0
9.02886810270333 11.728523996163972 1
10.214112550161916 15.449105584618943 1
13.07947029398308 5.077144939147084 1
14.828722917434513 8.066358213199806 1
17.523435623773082 12.747313527345302 0
17.33872243777593 0.8915669747022803 0
12.084596714483789 9.938357763770455 1
3.8247162512438626 17.147545354617893 0
6.987308102342553 3.806918280160967 0
5.196572381550033 14.951819842849847 0
9.080097902445125 12.143096729684435 1
7.87612195845327 15.723230597681287 0
14.153566759849063 10.066741999365505 1
12.668955645072506 12.781119682115254 1
11.204748884109915 4.0223243139143054 0
18.181373022800276 4.282893955477589 0
7.819499778667067 14.345780751777744 1
10.656622829944997 4.768863809929183 1
12.799656155140005 17.77358896879822 0
1.0269503160744042 16.91442802116442 0
1.0261281067855843 2.4778305396708222 0
5.829052804418509 10.588387912794833 1
13.445048722151224 13.802671538345797 1
6.717124046026875 17.073449782594167 0
16.01675741970766 12.114722976218278 0
3.4996242401144984 10.932971546143978 0
19.502258969370782 12.441918536369789 0
11.698391774374873 4.091891263185565 0
9.321439639977351 9.69011144259274 1
18.82171254603844 15.778869143665066 0
19.77694905931147 6.847999258815323 0
8.73396910076907 16.496519723116872 0
2.0700608704127443 4.114919833282027 0
18.821698946129082 0.9478793356769022 0
18.17310612955492 12.424148451057317 0
8.318977190308711 9.306128146078127 1
17.77807278941668 18.724745693708968 0
3.876936701019029 19.54558591938998 0
13.420965695282227 11.235908338538977 1
6.1628192591782405 18.473592493945745 0
13.634756903512422 4.529564131001697 0
7.456733398444342 16.35259877963695 0
18.749069308106556 11.053353581081147 0
3.1545523178042223 4.87068647231318 0
14.31696584576243 5.336081788338028 0
6.502932933628822 1.873381050178391 0
7.823509869114213 15.973167244719102 0
11.351076576910447 11.28906294143437 1
13.687158085998783 2.0019420677998423 0
12.98043881354116 3.559085735622094 0
11.845919718088911 12.329493819592447 1
7.37213357969114 3.611501569044697 0
13.149280489273467 7.827221072640825 1
17.696227269059783 11.41812343788946 0
4.162398341784341 3.1081151526725814 0
7.6921779846239735 6.073069846597985 1
4.18541949286106 16.639083677118634 0
7.366007239913619 16.562091535488616 0
1.4938209650838985 5.291594329546538 0
7.93178672899979 16.18994354461109 0
12.987916694539432 0.8771909368394781 0
4.539608847855192 14.2165286763863 0
10.997024345556621 12.449167292839105 1
16.193623180082998 19.07569650239745 0
10.724093328515977 2.664889251300433 0
8.172108799806088 16.86860661796654 0
14.225765148205532 1.6238234950803232 0
18.458545631910845 10.929989509128959 0
8.772593128806088 14.919228892278912 1
16.252514047132237 0.3501421124112558 0
2.1322910666034867 3.879340873920929 0
7.740187332942976 10.674895692535426 1
8.331189095071466 15.46813110659232 1
8.714816436099163 15.968397238381957 0
0.8248231206118151 12.719614597790141 0
7.2481540412041845 12.787272386660998 1
13.395964469459791 2.784545679522661 0
12.78444791243857 17.112785684502253 0
19.621713833394384 15.633405403041206 0
2.2336437104660845 8.69412147174447 0
10.503856614889306 12.301340555051105 1
9.450106649450852 13.07692650868431 1
5.754620255019754 12.000156322286514 1
14.18865940037515 13.508805528236014 1
6.382455771146136 19.249368407819215 0
18.463763741926584 18.254195875171384 0
6.282269462293401 8.6266718847157 1
19.76693795298105 5.009347029893085 0
16.24931820350659 5.8797437474724745 0
8.565396245751721 10.184563950444792 1
10.124678103419583 10.733836003935671 1
19.111483121590616 6.414189065817235 0
15.256924395782168 0.05202812113828337 0
15.724664633282408 6.43012735665925 0
6.740660509382268 16.647819067364352 0
9.1024615700646 13.944868718251717 1
0.9799894310429091 18.32350208487575 0
18.85848070443683 19.72669067566402 0
13.634620949763477 2.1126670146578475 0
2.603266152041508 3.880699391895943 0
17.719696876137526 6.520565351890191 0
13.862225285341923 8.908634214111501 1
3.4980315185132627 17.86755041939598 0
18.76375979083784 19.779786871808028 0
7.675883961943802 9.894846894814824 1
5.419877792911938 12.873543069331578 1
5.455129312634868 11.63948294528123 1
17.96163823285283 4.6417720521013095 0
4.037135122592863 9.80634051071969 1
9.171626308689245 15.600084503912473 1
10.599111477387194 13.013170357524173 1
7.500585691959709 0.21878497020632048 0
18.650207567874496 11.547269539903361 0
1.728439592803006 17.653004173698136 0
18.290308165865692 1.5765331638235658 0
6.562550837095882 8.663107158223687 1
3.2484109038502984 3.50730617105498 0
19.89572880644849 17.886133758839375 0
9.924110791069571 9.617950909290549 1
17.118378599173372 3.4058805997182584 0
10.112709371361204 9.547706673801402 1
0.20164988634113534 2.611241444788688 0
4.793281539913825 19.8955646906468 0
5.1698578182254735 17.313842193544726 0
11.450318363774276 16.332359716280862 0
5.435817356511894 15.345728484168518 0
18.96354191700179 19.55086246548206 0
14.997909082473377 2.431416912797575 0
14.163450644253857 15.528552049169154 0
0.5605069239419969 19.976030935133004 0
1.123705074131578 18.65426219340578 0
12.236126471045969 11.656708596043174 1
13.122670057282633 4.560106628814542 0
15.863233085450553 16.914107281068997 0
16.396217143888766 8.745491046865661 0
9.646194545596966 9.238818773265603 1
13.680820109146108 0.10808674689256614 0
2.2509954976301327 13.294149903507503 0
4.164973909415921 13.500833924919071 0
4.138514570591784 14.868068476290023 0
8.316652107549508 10.810640055793787 1
13.404067407332484 16.300840695822966 0
13.619260290436817 17.48126451730546 0
3.6328335937657674 13.25945007814572 0
8.693770919630792 0.580100449129417 0
3.0707487352924723 16.701465583963873 0
7.105142327789946 0.020050952585441983 0
9.139827751848916 16.82148918182675 0
4.6128900358131 2.7443401363265885 0
8.432276602987843 16.677636933897467 0
11.222065257850263 7.3081525188216805 1
8.479458489664056 10.624438588516213 1
4.994613464306332 16.61483014405216 0
18.702213637620787 10.574170579755219 0
5.8150069344457656 15.027898829367409 0
18.27454993910077 11.113881000449279 0
15.456537546166452 12.118913057567859 1
13.50154671980522 11.272651931066493 1
19.363396975922768 3.8593912341947756 0
0.07720087510636464 9.934525164949225 0
6.738671189796666 11.213675019768953 1
6.506723647630288 2.7077538467719697 0
15.80010187536255 15.288671746237107 0
5.175727388911227 4.95964571303245 0
13.795991754544312 6.8485723704659 1
12.959439149666139 19.3475379259873 0
12.595019815203273 6.110463528989065 1
9.517691326897882 12.543515034218382 1
7.965089111432442 15.325065422333042 1
4.1639514368937895 2.0764082040285214 0
5.584308677013031 17.907344136839516 0
13.563256804097946 18.177897166957393 0
7.0956800059350345 3.173466263835607 0
9.504643939106757 18.10158713876984 0
0.4469200567135445 4.794060268194662 0
8.726617988837182 3.1973764291246165 0
5.752373794995604 2.8509924919413776 0
4.853684418181318 2.943954095521941 0
11.56364452723235 10.073350759228706 1
8.673823577402453 18.77701812419814 0
15.163645338682423 18.42568747393081 0
4.602066754348623 15.864247781124865 0
1.9269209961516287 11.324732188180972 0
13.57807801962627 3.2060155672382384 0
12.582129860451781 5.143910209880522 1
12.339344189704452 19.93821776643729 0
18.204099075480656 8.66747875198576 0
16.692464136568002 11.550532096532116 0
9.632712059041923 14.523803115565679 1
3.3559296679956763 2.1565630580614426 0
17.800714620089956 4.090114482590379 0
9.468567256457114 0.4446552858487185 0
16.317267364467096 4.129453280316799 0
9.918933436586553 17.949001398321812 0
19.27675664717837 15.527454385947351 0
12.159821332752596 3.4643073855972806 0
3.1599005169601857 3.662054940300128 0
5.843398910425877 10.454175950719184 1
4.72408260300768 15.815694263206 0
9.756088784599124 5.186590227349745 1
14.34768096658928 19.116754275420018 0
