14.444827166531361 9.946544841175706 1
4.055658341201454 17.02967433945554 0
13.408238894946287 11.52226025665371 1
14.775425960418776 13.614866968788395 1
13.335560070890288 14.570095639252397 1
6.726820486100802 3.602056876589461 0
7.513062369240209 18.037800994907553 0
4.918710071668519 0.7096702750771611 0
3.1117673427456305 5.924772474330919 0
6.078823873130618 11.37199396205383 1
14.1159712917989 17.537824400701627 0
7.53527739671495 11.828514266255452 1
11.478604983090877 8.161093795731292 1
18.490302214481826 11.470258151422858 0
12.496742859647432 8.527112938160833 1
15.76349524376662 1.4676645423092105 0
9.572263476236822 2.732139974832606 0
6.226071587284119 4.521555129087355 0
17.053033168440493 18.955108161488084 0
6.289132245168851 3.557245748024882 0
11.126888243201002 3.5391629180853745 0
16.404373073461315 6.833091752861435 0
18.331917285861707 11.549015324070597 0
6.749449974191406 10.889317183061888 1
18.440962756728602 0.03458877680163397 0
13.476366852296923 4.259230440786017 0
10.256800727104494 9.585521821109955 1
16.155262587285442 7.6182987690314725 0
0.5999097661012676 3.320190159031986 0
18.921058631306668 1.3618505043163887 0
12.304089381809487 15.370024970377358 1
3.3453666768674384 7.301961859512818 0
1.3043342609561281 0.8601572593906615 0
19.053947837525676 13.031494536280954 0
14.32992506140878 18.39179471978037 0
4.17741875755312 16.489027379113733 0
4.048981724648555 15.279641643141652 0
13.484550724071838 15.964699053250088 0
8.45264961937119 11.464113137174067 1
10.509825835276628 1.8599125964509344 0
13.589336904186716 11.004362576070111 1
9.097989561821684 16.47866435908579 0
10.203243551634689 9.910370297040048 1
2.741540543264942 3.211121743527623 0
14.573395000635776 18.849833593070237 0
7.599926634759029 10.755637131365665 1
0.3496122288085446 0.17648652020896938 0
12.731132967833304 7.062807530098986 1
13.551920291333705 17.418128303349214 0
0.1831082555618435 1.4231225402024084 0
19.670896023473052 5.283356139301121 0
18.13832175995079 7.600082770395124 0
12.714387227249325 6.167014372382642 1
4.464638946503352 2.649567639398984 0
13.432569407627613 7.33131523786442 1
7.64018542198782 11.861015425915733 1
12.829299689303845 1.421317722788733 0
10.126152254911538 2.5752730397018597 0
2.2893879732879285 19.915511615515925 0
11.205315127489309 0.42560993560539995 0
11.970701414400885 16.974415385206573 0
13.926914426653385 10.563157071034215 1
13.702558112104633 17.322485996964293 0
2.893234900733941 4.879588406055331 0
7.853187861991802 9.208823929361593 1
12.539254489717601 16.07385401249242 0
11.028562889232973 5.408578406211431 1
10.017552836229095 16.070797859947774 0
6.631931028311067 1.3629496321731094 0
11.177875384106933 8.007152454439607 1
11.381780908766522 4.432736146178826 1
1.8181873788307112 7.317768555722743 0
3.8800484702933913 9.219774322570895 0
6.67302876998316 3.0143934254479254 0
8.464451597763968 9.906540037621356 1
9.936687850747308 12.131655018951248 1
7.72775849260108 3.5906797775938104 0
17.256217920519703 0.3945245951245102 0
7.783188005836821 6.965524183832454 1
2.4759960312256224 6.38296077049755 0
12.741602837340436 19.47894718567388 0
17.617885335713673 17.67380186991555 0
15.469041116004028 2.380245507046961 0
15.654589067090019 17.89461621491898 0
13.61073357820948 0.7765793897496964 0
16.966689519020647 1.9266767966004195 0
2.2884589359228613 3.6264246983087634 0
14.357833383499113 9.19271698561424 1
15.479328076670157 0.6428485123314265 0
0.7126278564849886 2.7274407854418214 0
19.020204424655404 10.314700050796937 0
0.9185674360187224 9.925624757421518 0
0.9350367015364136 6.169190878173268 0
11.372111386888024 0.7530273935285847 0
4.202584726891125 0.735356033926966 0
13.793271662690302 0.3874936762636816 0
10.088301594457462 13.199814057578221 1
2.2027530983170873 10.075207627916676 0
0.40367459917644455 18.879411834788588 0
12.267622508563518 2.1021690555421246 0
16.749490271492654 5.784916497812597 0
7.106825384088422 16.13191402321769 0
2.704265332695903 10.495370576704136 0
18.062504653388988 2.6019270289518714 0
18.834914838780957 12.550870341214548 0
13.043650850198352 17.752009799009198 0
11.328854135137266 14.52801748520783 1
14.816195396195134 2.4936745920259273 0
17.627664356139732 14.049140487214792 0
0.9289829514520642 16.829264001091623 0
4.142118720780738 6.559269791607569 0
2.2534744158530606 5.360007707804395 0
11.181318639047205 6.039631582658982 1
19.276105285435396 1.5838070482706557 0
13.701637245913272 9.44777185098583 1
7.583517340044601 3.1881937087367684 0
16.918691473578743 19.374672128741185 0
8.04813357323274 17.113051011059465 0
10.68202448519539 17.987292871392235 0
8.23388117757618 4.878113874856287 1
10.094015477133576 10.094721551452405 1
6.513733044627221 6.739248563279665 1
4.487910127382387 1.3878758074643693 0
0.7888018611151559 17.159882901904947 0
13.277497647485301 18.32413601207206 0
19.525188139449835 5.017803840465045 0
10.426019148369427 13.68748888228512 1
19.784061269056803 9.131856177228157 0
0.8755520413768125 15.33414679827512 0
9.729196206586137 19.04864008840514 0
13.576836832282206 11.120958623058051 1
6.992558402614966 19.54463674063148 0
17.008999531882836 9.454667542801896 0
9.655102563177458 0.14473335565828416 0
7.935632663337109 5.014668681549783 1
13.873950407168785 7.446901476478011 1
1.424236975436044 6.660028037150171 0
18.665594093125893 1.3918886856252866 0
2.118316737763104 7.006134970968549 0
2.074591709414393 2.6325057139357977 0
10.011792856145869 8.316010264753547 1
18.99687053642975 12.267900256535174 0
17.39242828259611 19.942336959588683 0
12.636117483869949 9.453689854183931 1
4.981920620875931 3.2655815203026473 0
3.5319781403742545 15.312585199888236 0
13.510945061025154 13.196709508737918 1
17.88736656626953 19.828407325618706 0
1.564625172995382 9.55822921895517 0
3.202497877227062 11.56839855709908 0
16.352235795391895 5.360952066032343 0
12.160232866924119 5.23922996040711 1
15.684077693349245 2.9544243129690684 0
8.327839324308693 7.93480222011302 1
13.187562689528587 9.311133053711298 1
0.4904682504642688 13.322388472630486 0
13.28692763210851 15.729089507348064 0
11.760851759646231 7.305968052552152 1
14.587458113644562 14.130501458966291 0
2.857550153320918 14.927864836368432 0
19.137165187923326 15.161550446578907 0
10.60341555917664 18.667438523106185 0
10.016461548051153 0.678922349012907 0
6.197285505195673 7.904601545240371 1
0.4115858737854028 19.134433583723915 0
17.424385799709807 2.361158181333929 0
17.884032398380025 14.764480581761358 0
12.627644975222665 18.758620456207925 0
7.369352986327167 18.076935351113494 0
16.017828551009398 12.942108657465432 0
9.001702348908445 0.5180277222110896 0
15.164284379666647 9.607029931861488 1
2.597861614444432 8.922932792093494 0
18.89323209594003 14.50951062449601 0
4.104758519236866 13.828897995710722 0
4.102217327129769 14.908988148699315 0
7.499067965309458 11.266480702230663 1
2.4866809602114914 16.512705215827193 0
19.641888991400663 18.281597891797045 0
14.532577319690843 3.666487466624788 0
14.990920425105971 9.275967711982494 1
3.137597568627606 15.359018726445852 0
19.651777571712753 12.110307925209543 0
17.385365352252236 13.408868468561298 0
8.927302032984294 5.324451118762492 1
16.17800540712992 2.571107602984579 0
10.428752459999316 2.257859692458053 0
10.955797719121907 14.484150253060474 1
1.2878471757841359 7.169830051801512 0
3.4578105107929424 2.7382804251366255 0
1.598078266972387 3.9253315104755693 0
4.510909371682308 19.69523729130335 0
1.1682757446667424 10.472825877041368 0
5.980344267480611 5.943946540380763 1
17.133165207688698 2.5624604548706365 0
12.803059108930448 19.581581279929864 0
2.518491996377603 10.201646575134864 0
4.227103056230293 8.827456137158482 1
17.795941017130986 15.249642567511703 0
18.56478293649152 10.65970601295575 0
15.746025470395463 9.016619680547853 1
13.896928561197331 5.8121198270383845 1
13.852311053908222 10.885279982885942 1
9.221129629835476 6.287427551441085 1
16.44772523212716 5.311451793720363 0
7.035900723581925 10.604313966583572 1
13.23379485273571 7.546269705131334 1
18.559993208433394 7.142973325029356 0
6.218980413047081 8.944187280345348 1
8.10357647478926 2.927444455779016 0
10.183844382465427 18.69465765711653 0
8.664754076185018 14.972797939822279 1
8.59521398851027 17.65986573432828 0
15.615405260120909 6.918190130054951 0
11.951670609621068 19.699338984028365 0
3.4866057601710687 19.363284657150306 0
0.9244768181638618 8.085569513755818 0
11.723122212382913 4.210880499000482 0
2.983504754932085 14.482123232366199 0
3.753167055194526 15.184508505981494 0
4.113780756038803 2.153186992328293 0
16.82114647546196 17.987593299946532 0
9.263277209429647 7.067666334113902 1
9.938972198615124 5.063435309163777 1
7.607926466233255 19.08132602346097 0
5.52712100210333 17.252471944546784 0
5.490415671965671 8.057274889473952 1
0.151801338718085 0.8678371038688404 0
14.14399999458057 0.07063440467140358 0
14.927665129609437 7.97619429010809 1
7.84477737517258 13.118819735077507 1
4.23097547433459 19.44846401304034 0
18.909450941561545 11.169892159188851 0
15.72380318423615 7.198521754085297 0
7.228927224136998 15.245154819030194 1
3.483214722819803 6.680659716805648 0
18.90679607472821 5.087155296054238 0
5.452080694878627 5.341202479729805 0
16.00778661614386 7.50469915430322 0
8.12331485932464 10.506141092426445 1
3.785335901865061 9.170550396156811 0
17.1011851605884 12.290704046811381 0
17.128855161205482 9.14213601202562 0
13.087808299826127 7.0044711113326175 1
6.160442259714625 18.351844788906167 0
17.487036696870195 8.31077852018259 0
6.5054797063240954 4.302376432084872 0
9.088916492566348 1.10403841679521 0
11.829419136093858 17.90246751463202 0
1.7534438617854553 14.004463386957317 0
11.950314905855691 0.2677313244612378 0
10.639498522978927 12.731998614391095 1
11.020179849726135 18.41311450118708 0
9.955776620654749 9.934240741048262 1
11.715689615825376 15.794861168895078 0
19.603757196966164 11.154709309609652 0
6.580782415669888 15.853586091775574 0
1.9573750627485875 10.247115850081194 0
13.016336194721585 6.007198519296044 1
12.148882068251861 1.0887752896256142 0
5.077690384397322 4.796263930235593 0
17.00270357236121 12.366962019273998 0
3.268023595470877 15.74311413929184 0
9.515911762950509 17.996444940759964 0
10.309334347806171 16.73587025543116 0
3.482559464518278 1.0815412062620489 0
11.008458856370362 9.189535879689466 1
17.005057991901015 19.411138556076803 0
0.46932413122427574 12.851239432997858 0
4.143566820060133 3.9696669582140975 0
16.502468810169418 18.05907879395499 0
12.693217908343753 4.686897115297944 1
7.2430752459686865 18.449346986345947 0
15.808417302113455 16.824288219132413 0
1.191262073014372 10.382605211721081 0
0.09273153751385044 15.788565619705341 0
0.7751159523367668 10.317449502571542 0
19.452599356448076 6.275438188597313 0
14.36310638588479 19.800480165525627 0
18.94933413810794 11.541124058657653 0
19.887778571638187 13.841924868749292 0
19.5876636524021 3.2366883293998816 0
12.789848083351556 0.8423665420600113 0
9.361159687125404 3.089882630172245 0
0.6871031013171702 12.23811459348431 0
2.652286503013206 5.666475909431181 0
19.52700886631941 14.955673502336477 0
15.704072803803138 13.835731406473537 0
1.3720978703769848 3.6809726261863474 0
13.900989838188867 3.7156380471824035 0
6.505898513623456 5.254978415780349 1
1.7526657965860282 3.811840307315262 0
12.782619798639708 16.470116126505264 0
19.42615081890098 19.722237790876726 0
13.699493492469356 4.5091404916819116 0
3.2745293978501366 12.779028372269837 0
5.049439251069748 11.217381504353321 1
6.9880651427069935 13.600984250025226 1
13.32014215246058 4.766448436636701 0
3.217125486617991 0.8472204620592105 0
8.33105730459655 2.5865547676111356 0
15.501618031550093 17.11631998351018 0
19.64962679132556 12.615497989777495 0
2.3674256320716514 13.452883798334875 0
13.801413910025735 11.45156078652916 1
2.439562777983184 4.686715133365055 0
17.119592808485418 10.421096551437458 0
15.840844705695456 9.032564121063974 1
16.178844662158085 0.4252664910080828 0
4.457837984486677 10.227055945297398 1
15.240342451915348 17.330014580113648 0
17.01975777670376 18.82472304746615 0
10.659383920034461 10.682879605912925 1
13.325229063433675 17.04040724177062 0
16.229958057285355 16.724998027853843 0
18.779998605966178 0.48563571247948634 0
10.514339407254344 11.971720691942664 1
12.568614934935827 0.47454750655411937 0
17.95361627357076 3.443865880378776 0
1.6577189876276965 15.917461305969367 0
9.148880222961983 2.6798451200284124 0
0.21032586203609593 1.6853392549650903 0
19.686459808215563 5.780485648428133 0
14.041280507613195 3.7874209308961704 0
0.17847089097242197 6.838043814423072 0
7.432573611726272 0.7252093613159882 0
9.088079219782978 19.792596147560936 0
13.448158441483134 19.36042497452113 0
13.049218846309152 8.712107815317214 1
19.18138685314736 10.76164112167368 0
1.0720216481225564 7.590927581437532 0
12.407112070492762 9.66902671750648 1
17.63574427738041 16.089768204380952 0
2.230409137396272 4.993856261551417 0
4.738233194083099 19.34851709079496 0
6.391790849621333 19.095471584830563 0
10.450493017100337 6.460659137746023 1
17.386052948745004 17.04011183876937 0
3.485924770635267 7.446136369589967 0
7.4913479360011515 13.995266390624284 1
8.68483066181286 1.8995802800141526 0
19.528639982350363 9.310725516476117 0
9.714641152352979 18.70152556779678 0
5.9476397904098 14.998678821584296 0
16.880454009709673 16.755789297986546 0
12.75979672109618 1.676189649823332 0
13.448965170641934 4.472063898598748 0
18.567782291760857 0.6591905158995015 0
16.494449710397067 5.781358451530593 0
12.734605772377375 16.69536655677213 0
17.042423522507594 1.380769564150579 0
16.756320239987527 15.53969118982726 0
15.728331467843258 8.229426424419579 1
7.525394509802485 5.86040887401446 1
7.279523974973124 8.861928457549112 1
18.642787987164727 10.812029801124446 0
17.821669044398746 5.45549197713769 0
18.834366001602454 14.704075633039416 0
8.980481858947218 17.48230314177224 0
4.504417178288637 12.431764072090967 0
10.243620266828596 3.1454624706073386 0
10.241098556105847 13.422190107604226 1
0.5474184745865895 18.485467737069804 0
4.150195519450401 16.136223732764535 0
7.551652840815666 0.35395775265740115 0
6.022299031409868 12.136095699354845 1
5.383878058795659 12.881515183306778 1
16.224972115786386 15.199124223157245 0
12.326356457445875 10.978549925211565 1
1.1128319350141314 5.475187865822289 0
9.201411523382037 0.6112259613257542 0
9.741947091629326 11.753478903054733 1
2.3745102985591737 18.80123129859525 0
10.755112566049869 6.978045969324547 1
8.923639188865062 19.97567564753521 0
13.466441093404368 10.408644299422992 1
6.140424811568808 15.071080508340764 0
3.064220887020279 17.858870019049977 0
4.847493907018816 12.37980142575033 1
14.251902740435964 9.244089761591855 1
13.329456951531014 12.507801372195296 1
0.29194602205691256 5.023270592553506 0
18.679392372507294 1.1113993913718545 0
19.951023237020728 2.785535931141705 0
6.462355228080245 3.8375433837514517 0
13.156772985550205 19.11658404004084 0
7.0111927768141395 6.944898633248336 1
5.980833477907543 9.545835259031785 1
7.6907175028741515 18.919295218199615 0
14.624649057277475 8.801894587443844 1
0.9585449066837182 18.432646643100995 0
5.3407256970883354 19.095740375797526 0
1.8635388437694744 14.15716020712825 0
16.830710294654047 7.3137865245208715 0
17.70595188278581 4.928375353201764 0
7.078897886981725 3.7360722592484152 0
8.122159531224927 16.538410706049582 0
18.161326970922488 18.083782573362935 0
9.950071467701914 12.391897252757563 1
10.57964926288433 12.744594332256543 1
0.036971713112285975 6.384789549797305 0
7.7282306919167 4.291785799825163 0
4.521333586674396 1.7220454435092347 0
13.345268415320247 6.642286771250799 1
16.48603953891793 4.616620746440059 0
15.255552019491805 7.402327924608805 1
15.289586615680403 12.729081200279177 1
11.74915750619805 3.0299074484856647 0
10.086890294726343 9.789909467313866 1
0.8601801556445432 15.652791578164749 0
14.097453027023747 9.422476478548678 1
18.996644207976004 18.49465965532364 0
14.923342072295364 11.493367384515631 1
19.183132405589337 17.99959860349875 0
17.82970952322905 13.759134436510333 0
15.612377569294566 5.569847579838081 0
1.9407325077454884 0.13064749798603614 0
5.122185239972577 1.4490747998236109 0
2.2920565482240596 9.709952030460716 0
17.115948816752216 19.575780699926014 0
5.812736588861913 18.215963794321464 0
6.383329378142237 3.973334855834776 0
12.731770383428593 7.180009478940947 1
17.560178820468252 10.95931983280892 0
5.28403061116808 5.872149187557218 0
14.669010116418866 15.53505954842824 0
17.65495090867904 3.359689338650911 0
0.10527072273108562 2.7658501711797334 0
3.6996154290031513 0.6447337581271673 0
10.008768016070446 2.1509456874430577 0
1.9350122271252745 10.253497614858171 0
8.095934692147795 12.362205183169447 1
6.642995499755102 1.3845282628502775 0
10.43300277661004 3.059435525108538 0
13.059187039474953 9.031176251771091 1
7.395163819644271 2.5368705983518947 0
11.098627507336964 18.049755876911327 0
8.292953843416411 9.560449916417513 1
2.8667259001246514 12.669873825427779 0
12.26270617097644 15.312093264228038 1
9.366954749704668 18.543557228422074 0
17.76584555967491 8.61332881529724 0
17.14122963812114 4.784849457451587 0
0.9575377079825964 15.431345988782843 0
5.624389605718596 10.088267559469804 1
5.78391627979268 8.66117015423054 1
1.0603502439909418 8.987430859364991 0
3.1104363898116616 11.68698293464664 0
4.9566623043563895 19.55951693083245 0
11.741007734230415 10.424497671196546 1
5.298446279142935 17.297064811986665 0
16.87760251507115 4.142086306913068 0
2.6670899515917657 14.63759105183723 0
11.790533866889275 5.190674221939499 1
7.052941365061507 17.538576453036242 0
12.963989799390681 12.054213880336256 1
3.533984784024231 15.08903256950552 0
15.789322290250931 4.227622167824583 0
1.3516536006583446 10.237751152053363 0
11.583792801933232 10.038525648040968 1
11.887326085216067 1.693937450137628 0
7.8340170120248125 1.7511719041733875 0
15.350828068742466 5.0694602284667045 0
16.18258191130238 16.98675155326654 0
2.8209217693422906 0.3444113623106859 0
0.4582717258375424 3.635007443054068 0
9.17557050161723 15.497591967859732 1
8.049779862654168 4.68503318025328 1
7.107708087117615 6.235185411744304 1
17.974021720633143 11.94047626254456 0
5.876905180630598 17.340406035030544 0
3.3919570141569055 13.198993650967148 0
19.633061630415057 3.371750422266002 0
14.781707337782668 14.828691593188308 0
7.20089572887324 9.90554170189075 1
8.271034607852082 2.6114397619616314 0
13.51837658832688 7.11360749926736 1
4.805868727584139 9.243474490972275 1
5.517046903320086 8.647339447740617 1
11.126743844672253 14.975865661211296 1
9.39872426765833 9.36130333426185 1
5.486136755465414 3.3777934236296914 0
1.1550650430891496 5.9822266001385005 0
14.70569639885973 0.06404055810735665 0
16.54726109848316 16.876009997378794 0
16.921816970592175 4.79378947874763 0
9.050628696619976 8.3161593227203 1
2.0041183339403434 0.6282263153874257 0
10.631748425103474 12.222611436057258 1
5.647535135805059 1.845585843613169 0
11.629702230834841 13.820559004247636 1
7.271155358380231 0.945919710866352 0
11.716376318178286 17.94560203813076 0
11.442539556806704 2.413144760293935 0
7.752506339107004 5.939921526196081 1
19.2473465698584 15.07805616385357 0
9.605823313028079 7.501565540539998 1
13.111581374993072 15.407198704489332 0
8.2038589413465 9.424369882915132 1
2.0790807141613965 19.85052803307118 0
1.6781781148902186 1.525812978058918 0
1.1586748752500076 9.453518691171563 0
6.558422539986848 18.237152185664772 0
1.6070840872896897 19.648916652466312 0
3.087146369721363 13.96439524677599 0
8.169950392605951 19.697716199020284 0
14.238597218993103 13.389986824915532 1
13.026611351158559 6.957565288569409 1
15.14795631691716 2.79166982029899 0
18.73460349622154 10.839140263867202 0
2.270486432824803 17.93512894293576 0
17.26015001459415 6.621862992222427 0
15.036442309078437 9.678894445795752 1
14.568215525704913 19.309557976730545 0
3.922904900044608 18.58432652292824 0
14.160238253396253 5.547684919382279 0
0.6718280355831996 9.995793955076097 0
18.880018138650378 3.129506403773339 0
10.543717585765421 1.4418871936101163 0
4.249037858365248 19.010600206597804 0
5.231734998969497 9.828848863012425 1
4.622458677843689 2.161727699877163 0
15.662714982599272 16.409735776500373 0
3.8553989939740285 4.419489053677815 0
6.550512193402307 19.380583978423157 0
8.919999907926933 7.573520316300746 1
9.696714313566275 19.378937673388254 0
6.026019897378195 17.044204566421943 0
2.0677691034374757 10.602479964494194 0
16.133550955378624 17.593082836090822 0
6.337238782104093 4.9767033143681605 0
12.766149030608053 19.57150464335425 0
8.460663470627042 11.198944754428657 1
17.04110792229816 13.997234503643291 0
17.305083811994187 19.21281979783232 0
0.36986393932771033 18.986537943887818 0
19.628344078250365 11.128660190800094 0
14.961950862535161 6.83824051924552 1
16.321472880774152 17.412839379205792 0
9.2840034783642 0.6918489788531179 0
9.255550045200831 13.678963371286798 1
13.989581408219546 12.555845262091827 1
14.320667741225341 4.891360133661942 0
19.133974006822253 0.5786563300625791 0
2.5365895782913506 11.093327090806913 0
15.068949858921467 14.123768224041148 0
2.454229376720425 9.415753265147739 0
6.220673126356882 14.766147483164993 0
9.55251612984762 1.7177511886132701 0
2.5656424600316674 0.28109236845596186 0
19.798933110691248 1.692084024225704 0
15.043081222910704 3.3681580076085638 0
16.474578559305947 12.018964703087056 0
19.76628469079724 18.385130284958898 0
3.5766789662212606 5.745126784965782 0
4.237880861000079 4.798259813660866 0
14.824467319475197 8.88450962123585 1
13.320696258237742 3.666737493738048 0
9.933352006495406 5.137438741879754 1
1.0444947027123952 14.261336813013576 0
13.431410333592662 13.614428350204852 1
19.74345268759199 7.861593796773983 0
3.6797392655415084 2.1366643290164267 0
13.460813712919744 0.6936882006310596 0
4.852209793785855 15.374856029331925 0
18.99303194691261 19.182747098613316 0
15.74127451197798 10.239641445321048 1
1.2157283781469719 3.9111794966878755 0
5.044280734837829 14.701401135104856 0
19.9744728080089 17.847030580107045 0
8.356652198548336 0.5860164324399153 0
7.583221187100735 9.959253706858888 1
13.45210139946209 3.75035312711258 0
5.862919916432594 0.868294193880812 0
7.007334026017309 10.175648541781925 1
3.9702180110279794 19.48423363041303 0
3.552970181763828 7.553588762502372 0
1.792430593384755 8.488290213668117 0
19.34095227287754 3.704651760168407 0
13.8789625889875 12.967707626521873 1
8.220252902343342 3.2356008373365786 0
3.578208785205992 0.06846470797235327 0
5.8961566719043805 17.569738711815955 0
0.4092145307253414 14.83279315571037 0
0.38011022189175403 15.26976246707229 0
10.58009842500477 1.9374962721426336 0
7.426438423272266 12.486372140149367 1
3.0035902216615673 6.776160805874419 0
13.4315585941079 9.739463892118462 1
18.424401130053912 10.914541807442433 0
8.55416289688013 5.326698866536741 1
3.5964050601766173 16.181458732658317 0
0.19653800992972092 18.610836834695093 0
4.84821519576294 0.0007029213058729056 0
7.518778052938271 8.339790969717116 1
11.70520128012159 13.187110170931852 1
14.319865873305492 7.103123132979887 1
5.026362954052114 5.66801172238171 0
16.557452805538453 12.650436598863926 0
1.1916238406306845 15.803342252272259 0
15.957693783796948 11.515756128654699 0
0.1296314263085918 17.982243022343 0
10.69334693616008 6.222784865522364 1
15.274814769405419 11.634273095428863 1
12.814141735539035 5.5164937457928325 1
7.285299816106818 2.2530952386210523 0
13.000746617814467 13.349561091193197 1
11.664585849191262 9.127272460617853 1
8.015132027086342 19.06049271575964 0
16.770233446135528 5.312203344706832 0
19.486918646105874 4.4317922050036245 0
13.635187436164756 12.580741447531008 1
3.4619833270757705 11.751168790850343 0
13.887200906283226 12.96206781416142 1
14.525352045906141 15.385420632541532 0
10.731198025364858 17.410524237032035 0
0.4865833098825867 0.05551966534660613 0
0.0015168099296092308 4.013726473247958 0
15.883377456306267 13.989023337361795 0
16.497447517785627 11.921678176900077 0
5.929900537522057 1.3694578323906703 0
0.676445440171598 10.67938890076968 0
16.776781595817766 9.55267248864706 0
15.19396638835202 16.234651144515293 0
13.174360572727235 5.693176560146536 1
13.890050761063979 19.670458613556043 0
17.597421056063748 14.77582374409632 0
7.174986283885714 11.821563749424577 1
18.137958997345905 4.077712376408669 0
5.539499680349134 1.225101985131929 0
10.980046892058208 4.269632418047147 1
15.35743690289312 4.549059162542184 0
14.189662125955296 10.662266325750739 1
6.316603986869249 16.712724804108813 0
11.934066178214096 13.326914828361108 1
2.6001720440436626 15.265031046567596 0
11.488496731563544 13.272763228555245 1
16.701101097572277 14.065596842890704 0
16.084687733717086 8.372102187636512 0
0.24861372974999574 5.242398756556916 0
0.5383120982719669 14.403076676367236 0
14.039780266952098 0.4901948960403124 0
16.05431766103726 2.9650585606890334 0
19.606405409687696 14.736277269408122 0
16.2726495308299 5.257126098319538 0
4.6869581156890945 11.939469393332375 1
8.969826936261107 6.501238636491637 1
19.934433025007646 10.220809844247041 0
2.2226455297572323 0.9188952837030007 0
6.87001402912929 7.062283155424797 1
3.307877225546192 17.7224417897827 0
17.26891036605553 18.634105523331886 0
18.941675383738154 17.923178641016744 0
17.133545516683867 19.655477540779877 0
3.165244037932564 1.7343054066843444 0
2.963255745560691 9.694414366456527 0
1.3621648944642772 19.16942864249485 0
3.7513197917710306 15.77030664623192 0
11.241322084504597 11.984511220068306 1
0.6323893930371116 16.861766509257226 0
9.136304731389732 12.70431185598117 1
17.002159907099074 19.974959598955603 0
7.94907507009029 2.2410049261048903 0
3.8857647270499673 17.246586036037147 0
18.409311291214266 9.05778705675489 0
9.859466791110432 11.71487907442537 1
0.27180011206672905 7.82314452697708 0
14.848938690205953 9.656930968580111 1
13.081864245895975 5.285549399935643 1
16.54388786248135 3.5123287739553377 0
5.813447572314856 7.205117247767465 1
4.042024985629431 4.874305305858339 0
0.6277837280552334 4.7633557591638525 0
8.922604094755794 9.672180533632842 1
8.22944074925908 5.487558183110903 1
2.748881053779584 7.958313533986439 0
17.15658054974304 18.614522521476943 0
13.653570424022528 1.8301578636056237 0
2.5766623580888326 5.951492019703455 0
14.588480806268882 11.729846383638451 1
17.04312772657035 5.753570787694045 0
4.709975554734989 7.825248362623296 1
15.368246589877979 17.147164767575568 0
8.845648795695904 6.250521605181312 1
5.240615650858178 14.011079708298604 0
19.742016651638988 12.067933169470209 0
19.21539816276961 9.223534449809016 0
17.362768977147137 14.36003401680501 0
8.56668864500957 0.6201024354054829 0
11.132126061896251 16.87207329775913 0
16.350160321426166 8.59149732798414 0
11.321183262562108 10.375082536025158 1
1.111544134084974 17.572754483354803 0
13.84407706403886 2.663037823518697 0
3.8135829799883125 5.3460388006074915 0
6.861925404032226 18.660911826071395 0
3.5395966715930527 19.271166156263277 0
1.6944572039701344 8.271492451858544 0
13.054121974105119 5.751750480062001 1
9.183636756032534 7.50201621229259 1
10.852812053791371 6.69996497877384 1
10.353006604543944 17.23912187377769 0
2.226046557321708 1.652428669112942 0
12.858637208706043 13.17291254167773 1
14.000589920360056 18.352321829403017 0
9.440297855434977 2.3561026464302515 0
9.057858899717468 19.1277439042727 0
12.564833618366197 0.4333293607823929 0
12.166349471539863 18.880718505497896 0
9.044525037309342 8.497147029888225 1
14.208171120736228 15.095618585930982 0
7.177485946854345 15.492150293196193 0
16.40130609044316 1.3801814318492989 0
3.427222031803987 15.828176956384603 0
0.38484381863226114 7.968260903319839 0
14.594874299169502 18.73655655854362 0
12.817329159695554 2.881537621213084 0
11.293893936420755 18.153848794701215 0
7.608060744744005 0.377910592894497 0
10.272523048142098 10.518536458904144 1
8.176201494136698 17.903789085805293 0
9.702125866472553 11.053598569454053 1
19.083176227796343 10.497432526511135 0
9.32618737533063 1.0721479292349834 0
19.492161447363024 13.406091224822031 0
8.6562056902687 7.9777958063574665 1
19.95532937581044 3.326967745797955 0
3.455330262546361 12.426359534557932 0
12.077082035208084 13.889965901743604 1
17.678695607980096 16.716901116412817 0
13.485158192632225 5.050744307011903 0
14.322958693403258 6.196065737659353 1
11.258738801420085 11.787860256727534 1
19.580921813862425 7.174262539523184 0
3.2780961082028615 6.273506775612596 0
3.32703253054343 3.7979664308682803 0
1.5101016591931304 4.987161259642992 0
12.78988655250193 0.06026331655857975 0
18.460112424329104 17.921018087391268 0
0.1690767546385641 6.419412647708887 0
9.934817300802843 17.75855415142642 0
1.8447929301572108 4.642916800586841 0
12.548687509627312 8.094467328470651 1
2.996423336452829 18.759616096741933 0
4.10341058777564 2.3651037551729104 0
17.20130679583698 0.027044279693639872 0
16.035474061721878 4.994657100070523 0
8.460863672839682 13.68575043513493 1
17.25750327447764 5.8220476836210455 0
5.182031691074562 4.067842733232414 0
15.530250949610858 2.8809420247672257 0
4.086818478703355 9.15475569362292 1
18.287500286307242 14.10037415335511 0
9.144376937178167 10.759539620714932 1
4.463916368358458 18.75791511150133 0
4.448571027216071 11.731535886513395 1
9.914237404866341 12.677522862457186 1
19.107582205186212 15.003455436474077 0
14.495613294964706 7.935941736358729 1
11.430647241468632 0.2294058137895405 0
5.404345307430594 4.187290399303203 0
11.201316250625613 9.441306780520138 1
10.585768152011518 10.059722630549912 1
3.761078949691934 18.732395884453904 0
7.824180739036137 18.693397853021164 0
15.562085922066034 19.953872684569166 0
5.63591333597846 6.625216647689451 1
0.6342043785281004 2.5797520277422548 0
11.11622386404649 14.627005336749036 1
9.834253988892867 16.867343283431794 0
7.66350444715469 14.539649724159666 1
15.15036239944581 3.6456000586634563 0
1.307009477263248 10.426914945354822 0
15.957410749430105 11.8327694149648 0
14.126691814569112 13.430064548834446 1
7.694736990331665 8.010857358972652 1
5.386852163470513 3.846354275426618 0
9.10184755078503 10.470438572238656 1
2.645479521285241 12.011817918717602 0
19.125341665863814 8.722952013911623 0
4.910178190731019 0.2925843301573239 0
2.2065465850185095 8.60399074516133 0
6.798774327380814 13.72550380501924 1
5.222981138205767 8.118501392601303 1
10.143807543441818 1.4883471158869455 0
14.288343403859876 19.107306146847062 0
13.743873557342564 13.753610987272305 1
12.952498987317 6.473082665997958 1
3.912004266158129 3.6155460317697874 0
3.668748228636882 15.003581960866594 0
11.767951818620311 6.413082979157567 1
16.135656024627828 4.269056879115247 0
0.9644686608475261 16.200831441368017 0
16.065455559400718 14.619174658927678 0
1.9357294726077212 1.3884881590108566 0
12.499719200515095 15.717613860318785 0
9.733115491400987 16.9456705992024 0
19.954943022178767 3.6118298159241857 0
16.283274050749576 6.604160984855896 0
8.211964380866156 9.521838412501712 1
10.708110034005596 10.670602696939909 1
15.845901560679481 10.988429417313885 1
2.808119222720169 2.408825045670564 0
7.594441562349539 13.910878915625517 1
13.460585289382694 19.86074678780678 0
0.9066605042028009 4.641581265416146 0
5.283480716904303 14.696550458952684 0
12.31879058447251 4.124851510272045 0
11.084167325932464 19.578481283752996 0
2.3237345505323237 10.906566283642658 0
4.273171121764754 16.530141657684254 0
11.602063046441788 12.35798734911619 1
13.149832931591103 6.445621488898119 1
10.331691635775282 7.384618504713567 1
9.323595816629393 12.458944450583573 1
14.014373270364208 13.255391577192395 1
4.079389973531889 2.281522272269272 0
19.584037020916508 19.566919397626215 0
4.172160717319294 13.226466150653476 0
3.419760996278467 14.378156500758434 0
13.239135619744442 8.745323767739393 1
3.8598716068994743 12.76407562680271 0
18.585096955123987 17.97187625968061 0
19.10939506876787 6.2764604512824125 0
8.878564712850645 12.938650917273106 1
1.9141307165434296 11.772575707030413 0
18.944669756904922 9.021183556950136 0
18.04160290162684 18.831469737311668 0
19.862523978206227 12.219604274630909 0
5.909926887451473 9.832402953885351 1
4.849194495580829 12.221481191030712 1
3.9900316860795293 9.007263412377839 0
4.016368924380409 2.1829593734577024 0
17.163468985840996 14.50427209914597 0
19.5001838377986 15.847945816155097 0
19.658613121701244 12.83650608977216 0
2.5532592779586905 4.384866678154673 0
11.666984666532944 1.4232814583784847 0
0.8826526094860054 4.1275645791113895 0
8.47113482633658 6.123278219822577 1
14.34932741765997 9.421987849535952 1
9.802816304729857 16.0209777285266 0
6.1436381415750185 8.489215653411506 1
0.5294543726529444 14.371198227347044 0
11.880129138310508 17.01305874224186 0
7.843430951866079 19.71165750723664 0
9.834644495286753 10.676186821779897 1
6.204242830807008 3.0616666457007446 0
3.219232990482286 13.440437609636163 0
17.91012543964645 9.477083902773341 0
13.152426592131686 14.596184170247922 1
3.397139885507967 16.838967045651213 0
18.429725378411128 3.379378104433679 0
18.04304791145656 7.176529026422154 0
15.288594353422162 8.423036486858944 1
3.712738384573744 19.084683854126023 0
1.3755975578713464 16.69882115350503 0
8.06902088714905 1.3582844244687342 0
7.550385865576104 17.692720445526074 0
13.822816179629063 1.7302834101832776 0
7.081562018805059 8.222584964228087 1
9.670967628794935 8.208852009139099 1
8.468416038969915 8.19813052606855 1
15.598630919088773 18.821305409275865 0
4.327832453999612 16.094234915694273 0
2.240786352664601 1.1922632733426575 0
9.60376323418555 16.05789845175763 0
1.4054230801903733 9.830241327526167 0
14.51874369905466 8.942950201454687 1
9.405303838913234 18.335632686223285 0
15.740036221855311 17.455474438310826 0
1.656587876586757 9.567978980285021 0
13.306188345243115 7.216889854099719 1
2.731871911902599 13.862496639454836 0
10.67566758681195 16.10174044009423 0
0.45953190410011 18.394780445741517 0
6.913384722952902 14.88577638509524 1
19.60747110539897 9.480915019372594 0
9.799617084338125 11.295221358698868 1
4.260167270958761 19.532676039990612 0
13.823935149946378 17.636498902681627 0
14.750176879344675 19.63833051909168 0
11.51691040143606 12.639753965624585 1
0.5362280875056391 17.399625802178594 0
13.952815301541111 18.998368184919787 0
9.941911284526562 16.885767216590846 0
11.473314484650794 12.785599537744519 1
9.043464334830777 11.397879445034407 1
13.319654828369746 14.719909698089918 1
10.143518045915908 5.343591855474353 1
14.65583851138054 7.956704145555511 1
8.217578753141094 10.002373375291295 1
1.0313828753172039 9.738465430696719 0
15.736443571206348 8.248991586319365 1
12.026558052484246 7.420456318423114 1
12.324193558481118 1.3416499770517687 0
17.808318410454234 12.482723476459654 0
1.3806471485059113 15.44487481769009 0
13.484565771426766 11.776510820849884 1
14.352266073679889 8.087912916415549 1
10.852383468089071 11.267998840470128 1
3.7020900115092936 6.246885861859082 0
1.5010086353134366 0.18384398998251728 0
18.050513971661214 19.17310604512369 0
19.35596807630185 4.124307002435675 0
16.368222931119636 0.2421986700975154 0
5.5053535650387575 2.5746368293333988 0
4.978898755762393 2.4474203563430175 0
9.604779457965547 19.281193052298537 0
19.344191697718966 2.707351025289615 0
11.543494830990163 10.84965578393014 1
0.2963818928342987 7.313577763403756 0
17.450269798745754 5.365389439877484 0
3.4052763501269534 11.95907297815145 0
19.75580727271726 6.909442357083002 0
7.276789374703276 13.728427693574911 1
0.020257943955368507 15.91950077936395 0
17.068117532354027 15.757217745541901 0
8.046628591196683 7.3781084007513575 1
4.52080201552477 4.660111803009778 0
18.17738118633448 12.363972248302764 0
12.197173095387559 13.707409421418717 1
3.7421305844135655 1.3341574879857898 0
7.131034714361608 19.41196788292264 0
6.56932399203524 6.61816140876252 1
4.044752645043072 11.28788674580148 0
12.894243573917244 10.961855749176593 1
10.044999572909 13.74456050778072 1
13.238324099635346 2.226123668355562 0
17.21598084584206 7.383039022765576 0
16.077041181066928 18.276085719338163 0
17.50199316622772 14.41176541434955 0
16.987270346948048 5.783372072038679 0
7.432173421157295 16.06138011001786 0
11.39511236033168 12.951848664326103 1
9.59726499077976 6.37073852019264 1
12.8065979262022 0.4220548002414293 0
10.966046496914926 6.98471288443131 1
18.37611991330053 5.132930833810425 0
18.3630699493342 5.107604443545499 0
18.503359153031994 6.458862217296806 0
0.10959294391851726 8.727186031949696 0
1.9719398429379642 19.863748183085445 0
8.973705026362877 18.17583718283586 0
5.123790278896299 16.73376708064127 0
3.2318925874754334 16.97113798229531 0
12.061576043188992 10.321757218421777 1
11.806276193744246 5.5891040227715845 1
3.42124682977746 14.341890104136446 0
19.867300078310986 4.956928190406565 0
14.58611252137122 3.139495513731423 0
15.093134028663634 1.5322580182178758 0
19.19184219456951 2.8745565226597103 0
19.177981277734197 1.799445366408594 0
0.3313665777335073 15.584834653680371 0
17.475126630445065 13.895664600433793 0
12.013911233534976 6.627472337559748 1
17.985234377115887 18.499617592809805 0
19.805512510992628 9.492366742435065 0
19.351991314002326 14.84447305326258 0
4.185715165959667 7.859106539534364 0
9.98087399320335 14.032716962513188 1
11.390550507608694 1.1365426016148872 0
5.219665855840542 17.416860404708515 0
8.146898651216626 4.927129295831019 1
6.233778589907766 10.869062062438374 1
11.51948686301237 12.1953868887915 1
3.1113885809971875 14.226712702905251 0
18.18793043783892 3.9568186241247316 0
7.017904766403385 2.6652419741039823 0
4.522822748307487 11.33817229479315 1
7.3792704672960285 10.377310139527676 1
4.657884653146819 6.09186811613013 0
0.594379541874317 12.37091631912325 0
19.966333336028505 6.811257381524511 0
15.798270904534004 4.50101325747158 0
5.9943430523303 11.766876571486321 1
10.653289922879951 2.8819641142185315 0
19.803669131567354 19.880293424504096 0
8.966485455419775 2.866110243317499 0
6.581135092816353 4.877095042481763 0
16.327468263814666 8.868416917545751 0
8.027018427740343 2.825296097079204 0
10.959994593029514 15.147823671993157 1
3.763829500391309 2.8361404137215684 0
11.678714064851077 3.3917592818610443 0
11.000904505872075 7.599156956018529 1
15.588554463116132 2.3255246628448356 0
16.296503447753295 15.41729772160356 0
5.560140011621817 7.544502364514393 1
17.73929485052883 4.246751768256864 0
15.069961507221983 3.7979327437633748 0
0.1133956397592284 1.06584921435819 0
15.208376804506658 16.58986758233692 0
19.971451946043214 10.228865969205533 0
7.313753430526903 7.776236671407732 1
8.06326052644516 19.242283670914052 0
10.326421695538324 7.447333871003503 1
8.587224989694132 9.334106342527049 1
14.403730798094369 9.82229466831631 1
13.296628624401087 16.78148151115097 0
8.28693646482183 12.400765767132395 1
2.755270046752172 6.346343024140532 0
19.230516301170077 4.199979353556098 0
19.27985653992024 5.352281316268346 0
9.721594909715341 13.885590584417418 1
12.655270532938177 12.604503298542644 1
4.649004635947433 1.8256775569295192 0
14.819120473438694 14.391087479917458 0
0.32870808217803305 6.245818363953733 0
7.632065348872164 9.09766415239681 1
3.108758951125483 8.132269418109386 0
5.6963019859646575 18.991992375030517 0
13.453778193304782 19.8080698374709 0
10.77197050315992 13.946973993374748 1
14.883529534681326 11.157975008425504 1
9.317807878088276 1.3751696594490448 0
8.298587122983738 7.625935323302957 1
5.358859324936653 7.997595259971804 1
14.71877464084068 11.725683614008648 1
9.683401714890106 18.882718827670878 0
18.7405732499836 15.044207185149485 0
8.46473206174149 5.898653955424907 1
13.802078244349703 19.78456542498188 0
6.386408422758725 9.602246841887593 1
0.8945054344808656 4.006777237676513 0
6.696577221913291 1.1338710185852707 0
5.582789284155478 7.305072536837116 1
4.071065045040367 4.215224242013447 0
16.571639802065995 16.815645406900384 0
4.912300232543707 9.180812093301327 1
19.432389162682814 16.122628235692137 0
7.464766146446125 0.987136394234569 0
3.6828014180531388 12.203833941517889 0
9.107299282319678 19.913675107910468 0
12.293138441420696 11.674310722235287 1
17.612208268181714 5.7495988076023234 0
3.6467673018331515 8.918150482310514 0
12.331158754453195 17.896388779986907 0
18.074499635438016 16.111551271599907 0
3.2978163194969357 17.077182962896885 0
3.805689785867443 18.12709678166247 0
10.681302579691689 15.78399728377133 1
6.234201164480226 18.440324101358257 0
18.83774274173994 9.139270983471175 0
9.096576383093801 18.049937547347344 0
9.643324495901702 19.89007787691345 0
12.260327888946087 5.2404763987470915 1
3.062458900238032 12.268783121779645 0
14.657309157258172 6.773320226456332 1
16.816155545798185 14.80118280871503 0
5.486025864841613 12.595609691503372 1
11.673195657509837 7.880594619997314 1
8.203887775245512 12.218387727354445 1
2.6429282985599234 1.1625468254609372 0
1.7553723621038464 1.3156859847754565 0
3.4196011264789306 8.178652923614438 0
18.4689029328333 4.5234645021408415 0
4.439708151345378 14.351966107025774 0
6.518603694445377 4.130090545307146 0
19.48339815659224 6.686704096329292 0
13.904415226069398 0.5370374315648574 0
10.214851953518252 12.309904056078446 1
1.294574538208415 17.465148042695873 0
6.399909536055146 2.021206724181306 0
18.195629125191207 14.573155986357731 0
11.48226776559406 9.438495072792858 1
14.72202743409859 15.374390708910822 0
11.032519137013985 16.04057524685823 0
8.944377181464736 12.598314613371409 1
16.58219342687581 19.12703545639494 0
8.825006449367583 1.8878707275255757 0
7.610318926327944 14.081760059525546 1
17.13434672469369 4.650665688480682 0
2.583559428815063 16.357952743368433 0
2.457530847265903 18.757048941587144 0
0.4810359947357412 7.851762606057582 0
4.830409001721643 16.90644945388091 0
4.9119696561980675 7.142284699748367 1
16.25539831503185 18.61473059640001 0
5.478440793518922 14.849750422069658 0
0.5662701387699709 7.3507489972894735 0
13.044781607960767 13.356045566860795 1
0.21676524312742362 18.31128082316866 0
14.685534223505712 11.350495795619793 1
5.201190579177117 2.557960193438946 0
13.284785146187588 19.328842979433805 0
7.035093128205996 14.643742257252097 1
1.6575975501067486 18.49689995659718 0
13.387054329664442 17.53649036339473 0
0.6113768349622939 5.591621803190588 0
14.552739070154672 19.622133205178493 0
5.722350352827707 10.639661169136463 1
17.48059373316251 8.500689187933862 0
15.283371072216925 13.056078436552871 0
18.285940510399648 10.84354283854773 0
1.543719268005208 5.884782309319028 0
16.68550739917624 0.2588428702732859 0
11.542103373369795 10.218499250551039 1
8.496528992346077 8.838462151649972 1
1.934625110147612 18.42206211275308 0
8.865507123059398 1.7864991041403377 0
0.5929017929699376 8.133007198295775 0
13.750248111422172 3.9705335035644573 0
9.71853274984153 14.654082969167895 1
7.41158357550934 3.979762335081598 0
7.491495398905734 8.089117436142521 1
14.7603425872026 9.347931970999419 1
18.65731843731188 13.091833205535636 0
13.243032141145715 19.552950125900722 0
11.208313348248517 16.95600568523387 0
11.667961232062218 6.233176572190835 1
0.18124856153919344 19.183911476227372 0
8.086734991782972 1.1135715985846728 0
12.174923828324086 17.928697903069327 0
8.713058357465979 0.8824516437712138 0
17.320453093560715 15.293240698285146 0
13.072780219606713 17.74628011884872 0
8.461515920732738 1.7662772809751437 0
18.800137819605094 16.640000361036837 0
18.790853847218536 18.083176876455628 0
3.2358116304748763 12.667239661581107 0
12.87516183461105 18.451850233713508 0
1.5940032269576765 13.327064944142851 0
1.8228001852043674 3.288248470825943 0
8.621280410707621 17.675829414497155 0
19.7113664807541 0.3395054396060626 0
2.331126598751405 3.2613335461558446 0
7.1045160658830735 4.998817387880338 1
17.49178331945337 11.983248019877477 0
0.9269485995590654 13.836765096241177 0
3.563054638194887 10.77787993270972 0
0.40073996036452675 13.29770125052705 0
3.2281584049019685 11.47140779150979 0
3.609732596895363 7.109252621763322 0
19.506590728551526 2.9852053754569097 0
3.6012700161609956 1.4482411766003134 0
6.051400168826293 16.518007254903655 0
2.9496202325245346 9.333258185956577 0
4.728879158805492 13.515178623973993 0
19.973710546662417 14.551900439398914 0
13.997609136067249 5.313148593819134 0
7.828813910215395 10.71008150744081 1
11.260940472732532 2.3335467083797945 0
18.356659023835324 2.487181243252241 0
16.694575454557462 6.138628138271958 0
19.08017921940944 3.3394923135521792 0
17.082256337818826 5.661383571150418 0
7.80472609495217 13.06820374443709 1
0.4310547348473226 18.369107699813988 0
5.90281964475748 9.686176378039772 1
4.605892974492766 18.554926060197133 0
4.831292322841492 4.349245696285145 0
10.04101695755338 17.156261811376226 0
17.102602017855798 18.457925092698964 0
19.976943677183993 3.67110489756284 0
2.423151646232753 4.439663433789027 0
9.507957699400915 4.663848846381957 1
10.369146250550408 9.337665222722045 1
3.6525472732212716 9.840501051489989 0
6.223236919017943 6.9287738723799075 1
7.4509554770884705 5.560138035088644 1
4.743739723020013 8.933428598167158 1
6.357167409165665 4.23848837548827 0
12.171769283624425 4.99924317166127 1
1.07823200209191 16.67437773792827 0
6.7980518186264565 1.8471826383588619 0
10.22881206264919 3.354381674779978 0
6.431606483923096 4.890578980429627 0
11.31521378052243 11.692576252337359 1
2.0796649054889538 19.995805585146993 0
15.475536050419043 3.7525035470200185 0
15.071525797621039 9.072276727500892 1
2.027240028783792 12.497402668632816 0
10.266569269903075 2.188947154637748 0
10.59998420870276 1.7845913727453255 0
13.871043830255417 4.935724785780112 0
19.091468443777757 9.424749038137783 0
13.051242773390266 8.98056640428697 1
17.541313953359598 13.750866556343158 0
14.815721276196832 15.504513148421664 0
19.506256941163898 19.065465853491705 0
12.582404757178043 6.549569010801141 1
11.192597961279452 11.096473376040192 1
7.316981612596307 2.8346043659595366 0
12.539125104986422 12.313619689564398 1
8.794070246547857 9.366856412905598 1
17.754884411726213 13.013701894904237 0
19.749760756274203 13.627479195131224 0
10.302904850498111 13.537042710909134 1
16.790783277129297 15.299623850532234 0
4.9757610188302355 15.299140917424257 0
3.1346410533234637 19.526640249982503 0
19.65357627627742 17.1515777754336 0
17.4716540813429 13.519557764336795 0
10.530406512253913 17.717762114215102 0
16.65005584070801 17.82143548424655 0
3.1136657979255 4.901380851368926 0
9.204340363368114 4.695186804371694 1
9.332611876215024 14.29869209718925 1
11.677738587043411 12.69508086086521 1
12.451146133958149 17.64911982572422 0
7.559718298660922 1.9640518018872521 0
9.747865080996455 8.721682556302175 1
15.827113849336813 0.20251144979025248 0
1.3677741646233876 17.03755890734819 0
7.116968034681719 6.9549424741429755 1
13.711744488224383 14.351044008443646 1
14.185180575476778 18.993993532456923 0
6.873246789572461 12.237633017672389 1
4.200444888989317 3.482764002933396 0
15.208517711827803 16.242748407504205 0
9.403059989196814 14.291309136826953 1
3.132982107303315 9.028702239449633 0
3.8531833238559243 14.271448394677522 0
17.71634539423023 4.7427157553123696 0
8.944414423861131 5.294551289767719 1
10.155453325411942 12.12315685167047 1
15.06668730347932 13.06589604140354 1
7.567697053656525 16.171308501581997 0
17.38592773542592 11.272165765478244 0
18.32471671983899 12.814852560747097 0
19.79965954316871 18.970974826714922 0
5.678621370085686 5.33571028142741 0
9.58453436690293 3.472107144419039 0
1.4428760119691542 17.78332937559664 0
15.607525112743057 17.43976211593906 0
0.6412191059611949 15.848653013608164 0
19.031917466179248 7.721573450926014 0
4.14836093656088 10.733528471832583 1
16.582132874125552 17.47004446011621 0
2.0645050612907823 17.588416806398246 0
6.963405354331888 13.365771228597673 1
6.06095019652847 6.046508676082276 1
9.091228157740678 14.544179883044881 1
7.445593495001674 0.5193859324628369 0
17.46247963478208 4.415317851976919 0
5.53865359892288 1.3311779818393932 0
11.361154847758106 14.47939503382414 1
9.785336070606036 16.817387795752428 0
16.30605716192631 7.106092104800485 0
10.60612674962692 17.66081776389091 0
19.855856036076023 19.141277419106526 0
6.468207056198638 13.39393258720522 1
4.974684963300115 7.894292848593551 1
11.487830250822205 9.647610445805292 1
4.8741564102582675 3.361284262005262 0
14.09688352785504 16.646221373686515 0
8.008330484430605 6.935398005239111 1
1.2777261963601028 2.02617558635531 0
15.00123608938983 4.8158688562201 0
13.423092063036009 11.562069031310006 1
2.4636064072554786 19.67146823143418 0
2.7537330591301723 5.350126279634568 0
15.247134880932773 6.463221415312102 0
3.304691831402906 7.100018536334329 0
8.221860879070793 10.805436428665246 1
19.0240988444805 10.541927396702606 0
18.7600718446187 9.621661286453527 0
1.7514409246553808 17.19620354538987 0
13.941348084313976 10.121290431407509 1
3.20376091903382 19.700180687439 0
13.786812534703046 1.7918342607616 0
1.201001293398618 1.9706410524881557 0
13.537711170622295 8.882610143101136 1
6.267467875617074 19.595995770658572 0
0.2352383528956281 11.780761983313672 0
19.343838484144527 18.77442309098275 0
16.37406709388835 10.229928893647347 0
3.2663224289045645 11.217727026749998 0
9.788091497314673 3.2137379031896063 0
9.632613475579543 2.521766725645098 0
9.503738097626854 1.8563492930452052 0
3.311926991608165 14.437499725294048 0
9.440733485895567 7.077607578222771 1
4.17107100374976 13.10367028127277 0
10.107851851858046 8.164904621398588 1
3.687610476498353 2.584019787970444 0
5.024158655526176 7.389269198287223 1
9.905972856176454 1.0354786359926615 0
9.363164798111143 17.15480336798249 0
9.745607611497398 0.7790666502785348 0
4.102275417646062 14.476544868935783 0
11.749770520041293 11.561196726091108 1
12.222134361070008 14.912575511158844 1
15.652391636005722 7.35433135423373 0
18.36866297024048 16.655058611048585 0
13.392191276752186 2.9826666187461615 0
1.7965710551233771 3.640455027432128 0
8.652046120346576 12.207886183738658 1
16.181379190285494 11.073741138303916 0
5.508704292610094 0.04959050049274216 0
13.77071935644807 3.436864800164805 0
18.56479376099053 11.368033945463834 0
19.18282743733879 13.594716862191502 0
3.201767148836021 19.82651624838318 0
19.32818063743033 3.6426470803796107 0
5.294901740529525 14.63342940950165 0
14.247782344489222 14.839280007999793 0
17.699226007935618 16.572115362000158 0
18.612049154409114 4.91081677477675 0
13.152434697765209 4.598966340793405 0
13.01197224220999 6.004764231671977 1
17.42101609131399 15.226588595046026 0
9.87665236332421 13.514593535742833 1
10.318859470135243 12.879161838773614 1
6.563531225049495 16.69120091723975 0
12.174404041059788 0.16694717750530108 0
9.094348438546769 0.18596317717327837 0
12.027469421827613 18.465075850750477 0
0.5865074931945036 8.997510441827972 0
11.344238924973354 17.699252844366512 0
6.826258864505759 14.330221906891698 1
4.141310886639373 7.271704387196016 0
12.593096740986523 1.2411123727905382 0
19.87660952215339 5.415571095475289 0
10.006908757724238 9.431431952623008 1
9.287411978315966 3.5588310015758817 0
12.971156446277014 8.901467487721675 1
0.6168550882669233 2.03612858784197 0
4.202977465321567 6.914327560734086 0
8.027156431944725 18.860184708585166 0
1.0247540089776996 3.660802460636443 0
8.880028928236854 16.674687335424952 0
11.765391878643413 1.2654499482955317 0
12.923183346618961 1.2515361105120149 0
0.3209454300662795 7.470750324478416 0
5.910064321920119 11.273069061564925 1
17.97057977693082 16.56061373792094 0
18.1237599953731 4.564805978454447 0
18.442272483431072 10.500247938433706 0
19.17871381436715 4.462742733579683 0
4.182977173932521 4.869787606959792 0
12.419927567462956 19.381096605312884 0
4.261133220802331 15.478599114070043 0
19.022673371554205 1.0084806668780266 0
18.15220699124209 1.1630913659023334 0
6.813817661054484 16.835077601794424 0
2.6494368600150486 16.376375366116203 0
10.520144022251497 1.295192703949808 0
10.517456479471946 1.6838910660695272 0
8.947773180185038 5.749378026162217 1
4.595553717230136 2.353144885996159 0
10.932020677627515 5.245769944328858 1
1.4382192672053673 19.637952790089702 0
4.412305846741422 15.651762796640181 0
12.055028712400283 16.072538389969026 0
13.555604060870461 2.4897130739293916 0
3.854262692849022 0.6690513919744578 0
8.807101481131284 19.56119932620512 0
0.7793170072011057 14.351054954785678 0
3.891157161947396 10.184518859918978 0
16.34002141691339 17.488597311327126 0
18.393188693387884 4.896870905830195 0
19.290338896580067 0.49873395465928283 0
10.533064231551286 14.015199762114195 1
9.292261568188152 4.286015843264403 1
12.525099882003342 18.231260353225945 0
18.481220168400352 1.7994759577540198 0
0.8006707938875013 7.834826202071026 0
11.764645645051761 17.543536667681447 0
6.754646096622048 6.680336779853011 1
10.472481740293167 13.606593033440166 1
11.987441735352817 6.5368969341376 1
1.0030893960262244 11.85372789359538 0
7.5676621345385575 2.8753661834005784 0
3.685931778513296 15.097146073333434 0
0.8908240654992716 16.51957002826242 0
5.605937674336228 8.76051384363388 1
7.7458416212268855 19.02163502044877 0
10.000671648845294 3.6223189826412927 0
18.595429227721617 10.851828594184031 0
12.955032486200864 4.375983889364285 0
5.983590901808366 14.217459842031934 1
9.392885513630198 12.190528563412881 1
11.727421443112702 18.18557373787447 0
5.070238034511152 8.14917759116383 1
0.09458650221215725 5.361094560576407 0
18.442974924507205 1.8933771185444992 0
8.745559378118923 16.283620021246666 0
18.495415484288362 16.809162254568943 0
11.653448593824784 3.4498908429281894 0
11.238298689211321 16.90080877782687 0
17.629231835878663 6.827269977130397 0
7.825028865840893 10.184214089164634 1
6.875478137226018 18.72904367589431 0
13.29985296425753 1.3650364519824665 0
10.659872826553848 9.682884718180635 1
1.591745753085796 4.425526195702165 0
7.1596512289851795 15.841845836377637 0
13.094896502580388 16.517215121740627 0
10.166933365831483 9.145312845159431 1
2.7993182157956964 5.977345892489636 0
19.562608125928943 7.450839308182468 0
19.27600264677507 13.790608826256323 0
14.106663651497339 18.853165223173384 0
19.011195307419875 8.423845236612701 0
8.811226735647487 17.366746502723597 0
6.170995914152153 0.31299356401557343 0
5.9628503182302195 6.253965398541633 1
1.045623239836262 0.48981458886476537 0
19.845908711757218 14.069896915401863 0
0.429893231682823 14.857395949907012 0
4.5664521340541615 0.34293572460395216 0
10.336606213040726 19.478631272513557 0
19.934727938497026 17.914814950077368 0
11.928061773300307 11.849750240484159 1
10.95588889852506 6.930432406062632 1
6.571145233421049 10.335990590353337 1
15.821489166376441 8.512099153925774 0
16.232583310136256 15.387630652585855 0
17.7776976127586 0.6208811367963629 0
3.6441620496836324 9.070185377629832 0
16.870834381887537 10.85878110533114 0
13.774486607222158 16.203704607525587 0
5.172887899052889 8.886688624579861 1
9.945115668509125 6.949937103664174 1
19.88712026006525 4.206027829643526 0
12.838213582820803 2.4469277148818014 0
14.277486613309522 2.762582218471674 0
18.675596074515045 9.826218740990447 0
11.424547880770877 1.0408920924284049 0
0.817569769348121 13.07021807706201 0
12.882512983623604 11.246285434212695 1
9.079940238557818 10.480876708464631 1
5.229401379241587 3.582831760104599 0
7.238846506014922 7.9959218944001 1
6.1574029824319965 8.431259936565354 1
4.681778456671348 2.303007062162401 0
13.089377692741131 5.640923326082445 1
16.15849780343826 8.575268768369643 0
8.025190148471637 13.273800938661768 1
16.250261441110176 11.906336647419222 0
6.054360341180929 5.585867919719785 1
11.200328826310294 6.724390889943487 1
17.945427792340308 11.089548995432443 0
8.537607195413901 12.221677017945389 1
6.0494217160904284 13.118530323782377 1
11.724172856035931 4.10483622552036 0
15.921513357628974 5.408629685118513 0
15.925910137787904 13.912090742692945 0
5.002149139805749 14.881796473334344 0
17.63148800398076 1.948706885204925 0
12.625561775595862 1.0485294055208039 0
11.047223473503248 8.967507876361609 1
2.619161830344181 5.8615439265135265 0
0.40410486913856847 6.14364278668665 0
13.123194316938466 0.674537015495098 0
0.5899936449550935 9.555529091120949 0
3.362828096121533 17.55720318066501 0
2.1085130989120326 0.5588924398000361 0
17.144278053924626 8.723941735468248 0
14.470505803196572 12.03397139628975 1
6.30745912722441 9.783626987046826 1
5.5006407445482814 7.5136272868627625 1
4.481111838136396 11.12787249034997 1
7.24325376976811 4.6119955381845745 0
16.445452882510367 13.575289465579255 0
8.895996724395115 12.747353593210725 1
17.699202150646784 8.90071889834396 0
18.073291853387058 2.947969310973535 0
7.926702416976131 19.886434530486948 0
8.537130041902316 13.91658609686454 1
1.1224902294873806 1.3753497770931533 0
15.0509314873291 12.764342785159005 1
5.212083895119839 4.477829843691399 0
3.5961129275641412 11.779281121270817 0
6.641114784524589 0.34491543711807404 0
0.4666012177541434 18.791583138881904 0
17.14188447955172 2.4844361657679204 0
2.194170158425175 1.7872253774036118 0
18.714275298952504 16.599365426140217 0
4.976738025406258 11.30295391812679 1
1.6928648386519085 13.288994334977177 0
10.860811698506357 9.96339498887422 1
14.994350211555043 19.200794562918006 0
4.741218029055516 12.059930873288632 1
5.732414290833994 17.38774048350238 0
15.415876466058302 8.705477563471595 1
9.983703674368854 0.9084459727334315 0
13.230231329092387 13.84731216099585 1
1.375031380798275 17.924199965627473 0
15.564591173032989 7.496816189250318 0
7.137882855118773 9.054962358863797 1
19.039983585503617 7.191418624259751 0
12.091843785864443 16.415568687201024 0
15.526183267790588 8.81205986255381 1
17.645321784850793 12.810440926372051 0
8.820499514472477 7.135430014137474 1
19.12289746882767 1.833877370426018 0
12.766473560110649 17.38964046366181 0
10.869109740157183 17.1023513894424 0
4.998090658692503 0.4180530561651885 0
16.30510672073969 19.88693909970084 0
4.296983386294608 16.140407319422955 0
16.20431155668109 18.48594501089006 0
8.921190245479744 6.599663549213679 1
19.59821173850399 14.757817152276417 0
4.007041709830757 3.178804205584549 0
15.66841727951953 15.231846494881726 0
9.55917728855151 6.919330764224744 1
6.038951507715533 0.5465805380506894 0
7.278939206514002 16.96104833132501 0
8.663302276152137 12.281186608518897 1
3.964178484772307 17.158420461696785 0
5.092500570522265 2.8772785467153694 0
10.698277374273335 14.197947234572242 1
2.7139374191424226 15.81099502598712 0
9.838001172866711 14.12508614721142 1
5.0407659515035235 18.344961235736175 0
6.7751609123235585 5.400228989975688 1
9.987112030831668 14.162463437136847 1
5.755013932506596 0.6999693748614311 0
8.973423078300529 14.045976812790549 1
6.180622259226276 4.93854012706104 0
15.121305549820539 17.71960846613185 0
17.249550722047104 10.461153025406356 0
5.748087466382302 17.989449557230042 0
13.279320914309295 10.029946533679032 1
13.252232123997752 9.635786835162358 1
12.249275527305155 13.3447637868255 1
18.59268823699942 14.800479356297613 0
3.2148333184003497 8.526985602713095 0
19.34030485861172 3.5987716607122278 0
18.554079285735156 6.441442549742236 0
7.638042723694554 4.337536399500759 0
13.237878976788682 16.054687124520854 0
13.227140825671633 12.696424861255567 1
4.263457311301635 15.15470285397056 0
18.41186864215948 18.379129879392654 0
11.242827959113571 3.909770231768732 0
1.008334992225508 8.292753771322413 0
12.863482820739183 16.985238945772036 0
5.089192455215656 13.020403177543523 1
15.208571423944113 11.766683325232579 1
7.94047050015682 13.082818862425672 1
17.955590697258515 19.72645933173418 0
1.8047241123231839 10.065147580864597 0
11.079789186250718 17.48680899021845 0
12.106897267811576 16.751106596432162 0
9.79470471894545 7.363753724847902 1
3.6448515432535644 10.553261838570826 0
10.13785683923148 14.112668394828527 1
6.404199959760806 14.095080370506796 1
19.59607653791469 7.956314558697604 0
5.7065392131143255 2.139327949236405 0
7.039598568080767 1.4079396394527843 0
7.178309176241376 8.583308166117945 1
18.077198228149076 12.967004069276832 0
2.709005996088225 3.3149055316820997 0
8.628496536733255 8.248980762868959 1
18.523035688935458 12.556669041915324 0
3.3949951744154983 8.53881232183391 0
4.7245121542417445 4.228308584664083 0
1.1680053018042913 5.807572297183579 0
9.492817213221723 8.003431307249556 1
7.23131374640279 6.83464614326277 1
3.3277424094282537 3.3762495591403074 0
16.757380171442776 18.291371143606508 0
17.613882042935252 15.649093531018716 0
5.64773854375477 10.26946872189686 1
15.566384600305621 17.6389794068142 0
4.439143588748915 7.562233134135354 0
12.712351616803604 3.9956244467717505 0
16.125429233634122 16.105514237657907 0
11.665715592904803 11.53437258781635 1
11.342959593151809 11.68319871538252 1
16.13192948882507 9.29503052980163 0
18.16186043965541 9.207528179270199 0
0.5936643140788433 8.491110036284216 0
3.5408090508564727 11.050168253816953 0
18.980852249452788 19.939516584946375 0
18.630251750721015 12.257583749914268 0
2.8486123974353017 0.5795366405092772 0
2.014825039793493 19.83751196228632 0
19.72115818396859 18.80363629162487 0
14.750634015458852 13.1426515072237 1
6.260958658034841 5.587156051313875 1
16.0251264475597 2.9716751739739022 0
16.411471533333618 4.374419614718665 0
4.550528669058382 17.413631601795146 0
14.527828233582765 5.699637074522084 0
14.388561181025654 7.707035292045672 1
0.8355048846498336 14.27337790361454 0
0.8495395621369006 3.183516148048715 0
2.891118894586593 8.664273266716204 0
16.219930856803735 1.4840152847935673 0
3.0739631283041002 3.595378049651028 0
12.088494645999482 14.44887264414439 1
11.540573061631898 7.321798796496415 1
17.253850125654523 0.6112088157568762 0
15.13060652753461 4.458118291857282 0
15.949028997783515 9.843458511411571 1
12.694947163942285 7.603746158873886 1
12.261399373964288 18.54619856542328 0
3.8513501220919255 16.23439171048531 0
8.703042666877527 16.30133930631017 0
15.991770129485685 3.134539394971345 0
12.57681457586909 12.099506844624166 1
13.569717092446078 15.86295754185616 0
17.140423045457933 16.218093371588694 0
6.879839966801815 15.86880440031754 0
13.897741144942984 15.228602290022941 0
2.527049119627245 2.586718703348223 0
17.985203123567267 13.961388343118378 0
17.113580448529436 14.88579165386589 0
13.031484399060293 12.686150702393288 1
19.0368335232285 7.396453967307495 0
19.13062352155694 5.948771411147533 0
13.557060402489684 16.77071629316886 0
10.866539382688208 19.388129543915255 0
18.51876076858851 8.083565974153736 0
16.452270905820434 10.139663884247216 0
19.742611244409353 0.4181428309139146 0
11.161927982463368 11.832754214745119 1
10.202860744991721 13.611429775692532 1
10.097224886173793 15.026166245421905 1
2.17104340171693 12.665076092323025 0
7.1104319235805225 4.093410365228596 0
12.743970109427295 1.4539303068011566 0
12.907264275630151 8.114666606578202 1
15.87767544119858 17.09385264233229 0
8.568846960088049 17.24597676956783 0
19.195778173284044 0.13506766359263844 0
8.511705418468692 18.223565430213096 0
19.713206132596692 1.8084251742385504 0
19.28968033925147 19.95073202335359 0
19.318226475948308 14.287910828934727 0
4.1856208976988025 15.78545719098013 0
17.83881235536205 16.70292181587112 0
17.012951870158115 16.27239315492436 0
2.6776399842860177 15.253351891184373 0
19.336791335584927 6.495611155680114 0
3.56914349393441 15.066179596692017 0
3.295759914264731 10.103184367039184 0
14.527440205841355 0.9968252170151937 0
15.43669492985867 3.3538826624762996 0
19.770674714201412 19.400523195844812 0
13.826292541265612 5.079508049645951 0
18.51536868277027 6.29591916918052 0
12.215735696821419 17.480013550591092 0
5.889806301496455 3.0517029551744934 0
1.1634222218075152 6.557471906896066 0
9.153503105099666 11.673590110258216 1
0.7756112097832557 15.182370000692506 0
17.767709032636073 5.968272308071693 0
11.607577231591451 5.89960044892967 1
1.691065282501203 17.583592936876652 0
18.49070562537017 8.968863754263303 0
10.957740726444358 16.751645140281298 0
6.102247012410784 7.481835032569961 1
14.361700216339141 5.913626718946292 1
1.680692864383928 0.09416085204345004 0
7.533037455044731 10.940428106362447 1
0.5745419000378149 17.508415208381468 0
18.158017083981726 13.94921493343042 0
19.13850078014173 4.0857790161645084 0
18.00930458188216 4.742343901208779 0
11.678378460071968 16.371176641690685 0
11.068276049823464 6.184534876319907 1
6.141223997429521 18.40744455620268 0
8.016690725075525 8.761221735377141 1
7.225346938643908 8.478280430139 1
2.052213465276709 14.898229348415608 0
14.645572729361929 8.380839481310542 1
19.036553914623614 16.871250425151768 0
7.741364880738997 7.716106948375918 1
3.1076423851350254 15.301371580686036 0
16.552709810814324 16.30154826281588 0
8.887010421419637 14.308754972758395 1
4.434722413508112 4.6965421709114015 0
19.45426470709729 9.514683668012566 0
4.693286937564007 14.107371034134975 0
13.390783101432998 13.40048064633574 1
13.91873362407285 5.299836409201626 0
4.880078322874796 9.644632499199638 1
18.512500571847916 12.13589613247435 0
14.60205365223117 7.59986451848291 1
2.7797323179886635 12.730372402423582 0
14.53019072365816 10.024612724908815 1
1.40517656344471 15.302115158517896 0
6.57369503134646 19.782202850746526 0
14.296990547609816 15.226443487073205 0
0.555088949056064 17.760053633096323 0
16.85139963326454 17.86663311989447 0
9.215647466096932 10.961063366975871 1
6.490248780696324 9.983540027076938 1
13.539502211795593 18.526770666575196 0
1.0138485477595394 17.005216338004132 0
7.202891917535528 5.946709478311805 1
15.927072594464153 17.878605877331253 0
10.699317438602652 3.3914700903823425 0
5.019539063381533 1.0399529051454226 0
19.40217913288274 13.609525077101479 0
3.681702283425592 3.547105213457664 0
15.984061970334345 15.650926825606664 0
13.563576628353518 10.263934991198562 1
13.726735414438544 3.713418322750721 0
15.797848068096645 19.70388884148354 0
3.259878059421557 6.132651767350428 0
12.657343332874031 10.879381421333981 1
13.92351318330276 3.913857247126129 0
17.80285179949375 2.8007827460024193 0
8.636246877682654 16.442518914010837 0
8.787826749442234 0.44631360200611647 0
11.90102860772829 15.110693796929544 1
16.59009633034926 5.9942750066024 0
12.687771523715579 15.328001366267515 1
17.79523819735301 15.746025157414977 0
7.4024016493684215 3.2760574543995524 0
9.162193363982814 3.7087652540128047 0
11.050274501794547 9.895261776485054 1
1.6161407448028076 2.0118228022692763 0
17.275361194582054 5.310500554991138 0
17.672674674542467 1.790113206726458 0
8.96735890681594 5.423383049042112 1
17.751824002578044 7.939517614087284 0
19.97720549083607 6.658898095799164 0
10.685555240354482 18.94288635383534 0
8.873302997323705 17.543348589203994 0
7.487997082399323 14.831864311362509 1
11.31189956884587 9.118341167487749 1
6.509152998103797 17.06588543516219 0
1.7703428951824418 2.46150698133651 0
19.957819954530432 9.425406800181555 0
3.361123293791004 15.187837651427953 0
1.271534796474052 15.063076233710479 0
11.728565770608299 7.288090161763621 1
5.715271692422457 1.4453433635690205 0
16.307824895317864 3.976889587155481 0
14.324628603534165 8.433945952998725 1
11.338574149065373 18.15005532349639 0
19.079230214850046 18.17659091329466 0
7.675411420253237 8.70197501057228 1
15.215719681407862 17.83710657291716 0
1.0865493035744378 14.947162048506257 0
0.4924816657730191 15.280163214048631 0
16.614216276394327 1.865657660412272 0
8.936034810449398 15.421472450897781 1
15.47504194008851 0.9897622108013304 0
0.5668503254375357 1.1367269755778064 0
6.78788947692313 7.954902684614522 1
8.799283827076184 19.269949146190687 0
17.29586887976104 1.8233665504455265 0
4.648201756489256 1.912357370036113 0
8.272527138245234 8.329827373762274 1
17.369582641212126 5.343622100069856 0
18.80541264377975 6.08118985684021 0
4.364353087157147 1.2831231566705892 0
16.90335734643992 7.422164889103615 0
16.777431666679966 14.870812707515134 0
2.5044174295586408 8.175282743785592 0
5.437963797567273 3.848374174845577 0
4.957581196303078 4.661257747950867 0
8.870350214014255 6.998898834869598 1
3.5509453202553587 16.055314679215368 0
15.233327279797102 14.030239599320563 0
17.960223200761167 12.051590712416143 0
16.087215625779734 14.757990407628949 0
18.128887390895 3.3998920785360487 0
18.161622689890038 10.417765059545632 0
11.507718475327904 3.876723157433133 0
19.411117149398404 13.82434823508891 0
5.5646070033987804 3.216237025388582 0
6.8409328557215705 6.298482877618539 1
9.404950848948362 18.163669641385734 0
4.409315160592257 7.453983534371213 0
9.156292055891502 12.957199843074935 1
15.681441717934117 12.975311153643451 0
10.417698563431895 0.12145937463240442 0
16.35461764697873 19.55417248465252 0
8.145299594187968 18.80914989084753 0
14.060109451535842 6.089605320260743 1
5.700640337938152 3.361443470134351 0
10.696621757093682 1.9354496615687178 0
18.04972358225638 8.54049574479844 0
16.419913467329796 8.18467736534343 0
13.498967968425253 4.465429830152088 0
17.576594435493377 5.9037553897671184 0
8.34437333654053 1.8431199518382657 0
19.069239152978934 1.0730374520907437 0
0.3793718250092448 8.115208813235066 0
0.35454630406298593 14.146803723044494 0
2.0980618082046743 10.94511782002549 0
13.434947085069668 9.592060592900511 1
12.252128167454948 11.536095498780234 1
16.52429229880023 8.248230595824523 0
10.158767296053284 14.818770592960842 1
15.504318398282162 16.564263893587945 0
14.848705392925886 6.024510729360511 0
8.970806049933206 1.0740170180357778 0
13.533231652610391 15.690749756953883 0
3.2513409839516227 19.812755494156477 0
19.035988242738366 6.600706043606069 0
1.0106354166533316 5.01264306361797 0
17.721498986110007 1.7271007544332284 0
10.149882226224747 9.827916820672257 1
16.972997071234 0.045937703783851536 0
12.028721942614693 19.64673519792299 0
12.502958948782334 2.2516320976445336 0
17.79928462544489 2.0288841684543923 0
0.5955357723271448 12.576789492669352 0
19.708903028784466 0.36188283879601935 0
12.56322064405781 3.1959785904932625 0
6.677709966924235 16.457637732076005 0
1.6032645198133078 9.77702749435345 0
1.4937057701702416 17.756908885383822 0
19.099980050495724 0.07072497191783933 0
14.473839384680094 2.6821711722447117 0
1.5783274659518942 19.954427548065997 0
7.623253292903092 6.9017013874361695 1
16.335905939156234 13.16461696237521 0
11.429416492066624 2.11440862698991 0
14.595203465403603 19.432511950021446 0
15.543268885248498 13.423156373736207 0
16.852535567449205 5.2522091224268275 0
5.288228425482453 11.104930583756598 1
8.649887737051547 18.797307428553907 0
16.31164084618855 11.48293872425101 0
19.07408218907391 9.646552576886279 0
9.405377386934886 4.930600707130419 1
18.668808784042742 14.936528208074304 0
5.860417616395175 5.003831847507496 0
14.761095067467465 9.101942356246422 1
3.316888865392724 5.830726718428501 0
9.431681395070001 6.700710266288123 1
19.657246483093445 9.419592082529597 0
4.309852987824785 9.660711364062404 1
14.210707889963325 19.497911165697424 0
14.417355727935712 17.44067487536681 0
12.884679302067209 3.4209059174016154 0
12.910681838936693 5.979921167489167 1
17.371619297668218 2.6078637401039506 0
6.874291490949497 10.67856935977951 1
6.135978841653205 6.986460610581262 1
12.529616287140964 4.09284065273924 0
6.635528319615571 2.915200529665649 0
9.15306636177836 3.5464033966663 0
1.9963920257231393 0.10851721252944868 0
18.94224883170208 15.584021680693077 0
4.566183194266955 19.428298859391592 0
6.680663708962847 13.2527707231296 1
19.217861226023153 11.442851391952868 0
8.823960714256568 11.572873149748554 1
12.578262791273904 2.648932174639833 0
18.372821316509068 8.024428088610572 0
4.2747355183573195 16.65096693874847 0
14.821459422370765 13.682602639242967 0
2.5125787688796075 15.162776555953767 0
4.80183910131376 10.278009265259548 1
3.4096017827286285 16.748135142863948 0
12.153491941139476 4.179249637766422 0
15.771101426692507 16.70901909178986 0
17.4345486277748 5.6078376380339545 0
3.079628220210575 12.32175068953672 0
10.356209576564039 4.7079394477421 1
17.51779291247229 0.8905014090819408 0
15.862241816876493 10.671475159450875 1
11.157420740723012 7.622863062575103 1
4.454118214715108 12.565523909175857 0
5.713022162142565 12.23205202975149 1
5.171927512924368 8.199059968431623 1
9.116704980804526 4.719939325747966 1
14.578898798466621 11.275979224792605 1
2.1113308081365756 19.214408123650045 0
17.1756456108605 15.182342230560087 0
6.419096978595915 11.162531088360694 1
13.560202628912313 18.434908121263042 0
7.734686285477277 1.7150112350372093 0
15.247593412730339 14.651083910431122 0
9.67451158731042 10.506229669848084 1
2.564889261945409 2.014858919009279 0
3.025793607348426 16.606687798911445 0
11.283703297467962 14.649376016638042 1
12.193021568214622 12.416562606258196 1
4.0250001111076354 11.389448553091846 0
19.447074702278343 4.542871844697139 0
13.315245078031888 2.17276462522916 0
5.841111698215656 18.963627383438446 0
1.3460528362443158 19.189344222046604 0
5.728064706096361 17.338864880195743 0
14.56675081434306 18.647402494564183 0
8.148687835852213 14.772918818335468 1
2.0235812753455096 6.702763420803892 0
19.294939952493163 18.609134937993506 0
6.859340644829739 8.342086863975453 1
14.994117707275148 3.112369915552371 0
15.189209057766451 3.251617727622964 0
1.1977303404883721 18.436175050718962 0
4.570012650787884 1.7387904530547904 0
5.926950550718262 13.575343994638342 1
12.989561553124636 10.010134484402913 1
19.597824999766498 3.56969834627223 0
16.117865557925526 2.7580778500223513 0
10.793927847064232 3.9523438690643564 0
11.189751683576636 13.427679885417279 1
0.866672779690707 18.9439117181126 0
18.042741005714493 8.152947689696457 0
13.053606545652553 4.700340240687925 0
7.227896704659662 7.379790757388438 1
16.59704054233439 17.24141195175005 0
15.833191904473205 11.500042886438361 0
14.25795468530028 5.1767562080047425 0
1.8248125749474764 13.382966987998898 0
16.047783904546606 18.81676883078159 0
4.464000175364129 13.783675707103777 0
5.713597390901368 19.983595845460002 0
19.61196047230251 14.320411455930051 0
3.2221792867210586 13.566180528385452 0
2.561051976683222 13.428363553377615 0
15.44664732981272 11.801639962511445 1
0.14410452927071216 11.732118024186114 0
1.1380782502217723 0.22526878707738396 0
8.99470997644836 15.974390735001107 0
18.492681419959037 5.932702478955378 0
1.9424297304526528 3.162446616452681 0
11.752955600758053 10.759222264387049 1
6.15804346618936 15.471958457813306 0
5.163101713619838 18.886528012080255 0
18.056432663933393 2.465934077177543 0
17.84231422366154 12.234237891310261 0
2.794527165473697 14.002753011196276 0
2.0579205648376186 7.372611634196435 0
0.5570453059190705 14.116256094201507 0
0.547979527852771 6.378840846000868 0
3.874179804110849 11.604899967420213 0
12.057723354519105 8.592407637304474 1
1.6093111237660418 13.428667171660098 0
2.3133676102689105 3.740784367745378 0
15.720361221654045 8.775140632062552 1
11.711647138508512 0.3189840527843413 0
15.379660588079695 19.961402401493437 0
13.859811561168804 17.377964566129368 0
19.212861399573463 17.440764740005758 0
11.940843739746303 10.486839287839159 1
0.9067081439733404 14.960281162445018 0
19.070061450216606 17.956665352766635 0
6.283906915440738 9.93439695675568 1
14.509398523025324 19.32286199624199 0
5.938499088021625 2.9553118286021762 0
12.007320755070134 0.9315580024662329 0
19.427882901977373 19.578164872385337 0
3.5791692002291553 17.86250507880394 0
14.054358834658673 14.932912079657608 0
2.574991108715916 9.467254844244462 0
12.810930778964021 18.87534598931439 0
4.677727624747108 13.504245838176699 0
5.0074648347886335 16.463996532809162 0
9.181258755197458 15.485822196607442 1
1.5816847913021492 7.819281334110042 0
9.570734405834996 0.6279363833510887 0
13.510195244305958 18.48840133831598 0
8.9748993240557 6.772806712760612 1
2.4216096308912194 8.99641668187992 0
5.706011360340613 1.570951594260197 0
17.634723104261244 8.092063685983398 0
17.060854184698456 12.106375809622838 0
8.142821024875735 3.7799815462754838 0
14.508849079496237 1.698357856213264 0
10.362825333477275 10.962477570770586 1
13.074950370164164 6.848318449877954 1
15.135675395640071 0.1316350018273993 0
13.295341776087216 2.2854286138596636 0
17.00182541701207 4.5737784126329295 0
17.729312583943436 5.988915255742501 0
3.983991987923048 13.109233148525687 0
0.7833418431973826 19.59610226430989 0
14.844977931734293 8.85598309973229 1
6.68939940015443 16.914674245052833 0
10.039790090736215 11.801972598835848 1
1.7064620116363716 13.645353805977336 0
4.579055662806071 1.881303817277502 0
8.956266529019928 16.032391860383072 0
16.9017863217628 10.1239342472706 0
5.268704228380079 5.340559736975132 0
19.195674242070005 0.39313007107328213 0
5.119808806423968 4.7607135607875595 0
12.348052627347638 2.48988614871136 0
17.826325201914308 5.251502497402791 0
15.261009537776488 13.81052941017029 0
8.121470206251226 16.32727283393462 0
5.947890844933477 16.541607979386832 0
10.671829321593467 3.479242375320304 0
19.79081246815772 8.526950024921419 0
7.17749984065394 18.78049970444649 0
12.333784739565996 16.435594098378395 0
6.502405640667339 4.296129815668801 0
8.974694821412726 18.448541257004788 0
1.4256634969521076 8.981650838654447 0
5.427871899348025 4.949633478731277 0
1.2936939503650913 2.4099667233967703 0
10.76475411429836 4.275182360781857 1
14.364603087434311 16.659816854692068 0
1.361319980889104 0.9003314210634472 0
3.2845605503958764 15.826307226132922 0
2.323672942447097 13.33338062358186 0
10.555007209303772 18.84132433106884 0
8.764531547909328 5.311842184811953 1
15.891330286652114 14.827064122534912 0
9.347454038780079 11.355112708717549 1
