8.859969415383596 5.867413104975389 1
15.974244078493617 2.1103327198876642 0
3.2557228836669494 7.578703015517738 0
12.61641138252638 0.880839408301044 0
1.1010415578115906 14.689092561972759 0
6.159808959019111 9.131550102154073 1
4.355094564401196 19.10353243089328 0
1.5175500133377406 3.41783846423638 0
14.412572813467115 8.815094039012106 1
0.1067824564774944 2.5789339205829864 0
4.8707738012922 2.427607651023509 0
19.660054638696984 19.174088140127918 0
0.21231676004619393 3.398864317582815 0
18.628790625190014 3.6236162094693536 0
1.9470944712043625 6.291378111366508 0
3.702073560216388 12.948515881065655 0
5.859801850522595 4.375903430518024 0
3.3497977692811043 1.1727839205468293 0
17.986493003321296 12.253960543448416 0
5.798248417683367 1.2652050130808812 0
5.589206552003123 9.126562507876583 1
11.460150746721368 2.4676934648236126 0
13.330701988435244 8.350116352245776 1
2.3093384293403174 15.962037318700972 0
0.5459497847411332 12.692734505869234 0
14.177005448826076 5.393154275646548 0
13.843727959895123 9.309572425636166 1
6.674325248604291 0.500812332008036 0
19.92981937507809 18.35707492032683 0
11.077002978883982 9.119990550053412 1
18.118712417164467 8.88692583614028 0
18.382992745683396 15.905985516688641 0
6.8060101813373315 19.055287825979317 0
17.352783478307234 14.370596033263645 0
13.347496882228697 7.226505247029498 1
19.661168997014826 10.989724313377254 0
16.030226779771894 10.360793680560077 0
6.128633833037293 19.302313667996735 0
14.976578605024208 7.3061462716809 1
5.96907119554192 10.252867779885621 1
7.066846979580097 13.226444110074308 1
1.9323920621758606 10.976442352200724 0
1.5511424319974787 9.258776347611663 0
2.9263060684020847 2.339586861391656 0
3.4283914418815153 9.27526017115802 0
16.103450366254965 2.405458504637825 0
5.535096815818823 0.8727855237718263 0
8.615800005432252 0.02826756537102515 0
16.69850998402409 9.151732120351653 0
1.9354535432202313 4.4881405975344535 0
13.242543046485109 4.425953856805059 0
15.392944823623107 12.161509449028893 1
3.5715886799570984 10.419196709327611 0
16.953141337057666 4.2279181725017985 0
12.70789201880665 2.3863747747020736 0
18.50470929345632 7.475989885838754 0
9.415594081154783 8.515353107403026 1
19.83064316936045 12.066449592772894 0
14.86281138880397 10.924233351608109 1
9.574405840960495 9.506820567637494 1
15.829128656711616 6.760880561666161 0
5.460234887865183 2.705222143844661 0
4.021821028636996 5.78572704087091 0
8.433360060275056 18.705525546548134 0
8.841074548962865 18.941842260934795 0
0.18177139706159418 18.24651063505667 0
0.9591764971938677 19.285505698227695 0
2.891652267858016 8.240759956716566 0
16.911013161088327 10.697108775070012 0
17.88579812786035 10.71600715461889 0
1.811390040347447 10.09326603117141 0
3.855468681191463 11.184334484428271 0
12.162213523491978 6.169223371541673 1
10.032091743604548 2.9687010897127286 0
10.839088254976492 0.0014668345748636291 0
7.479374789097168 1.5251181772417843 0
14.141374425106811 14.556164139035246 0
4.228006041316357 11.65594539126339 0
13.516383186444221 14.803811354905228 1
14.518872972983154 7.191170272908334 1
13.699794251138297 0.4920852448572255 0
18.375548382213957 14.298999541588556 0
14.543903609126357 19.441208015819527 0
16.688127397578896 9.568070496210922 0
1.0806528588752484 13.303739314356086 0
4.792946893112968 0.986850765684022 0
16.797897130174416 15.638551742983653 0
1.5776722757658823 11.09395250418572 0
19.685435181457585 1.8357636812085931 0
6.072956420584543 0.49251603775471997 0
11.309669393907447 2.6905529922677474 0
17.619730067334235 18.26652066955794 0
17.696840942894433 19.95191265878542 0
2.6156768754571225 0.2967139484156589 0
3.538396398305632 7.330306643539934 0
19.945299406741295 19.8375547749647 0
4.34208377406258 19.40256730018595 0
7.065530026053395 12.954374649818623 1
6.159716913045661 5.179411490009471 0
11.941973917264699 2.1455772195817358 0
3.401839501665911 4.468293973017474 0
6.08386368893693 6.125310738243699 1
14.495966869113063 4.271265890137245 0
17.86757958126391 17.070402036210893 0
12.846462075696907 14.089300373336362 1
6.228001011716491 2.749922531204969 0
5.815314747383611 14.46704154239753 0
9.319261687731524 18.242277679172993 0
4.6723845413375065 2.057193127310981 0
13.445098357942554 17.875585932080572 0
13.1591405099343 5.073459664976401 1
2.949206763373289 9.05738189542717 0
19.24407896125161 19.056037606879176 0
1.7894576187798106 7.607345410154469 0
10.677625685090387 4.44093713356748 1
11.718305051297532 10.030279048882377 1
8.534186861725994 1.5180273520117482 0
17.75797008616764 16.889759725071908 0
9.108552276251018 4.245118810159354 1
2.340719134174134 4.729905340373326 0
17.02412149672631 3.0240153917565915 0
0.14977823258660372 8.530924646494555 0
2.249761262091017 2.520362821616804 0
14.88386094794581 12.646064998530909 1
15.022006182229013 18.3806860046188 0
19.928830478784157 16.17044671397359 0
2.9748638533891048 18.224694390907977 0
10.031283808658502 19.2969139166317 0
17.655948941418362 12.335187339891135 0
7.7937091713992785 3.199684533535394 0
18.00778798959805 13.01893121412065 0
8.764092164950384 14.90335643142511 1
14.967300886484276 0.4340066390780928 0
11.319679493662221 6.907617864138633 1
13.991115823223023 15.849902087348017 0
7.909055262343756 17.83126608168303 0
18.986127760763797 3.425297221082395 0
16.738430519165824 13.85070331326152 0
16.800725050329124 4.717276827956514 0
17.83624379632176 1.9692649985670752 0
3.3871447671032717 7.041841923263634 0
8.133166358187857 4.042509124299283 0
6.989028925845371 15.668416092752217 0
11.316582301572016 6.981680509122963 1
8.626824336938736 2.0238412183577337 0
19.498795647660263 2.449626681747159 0
10.180242933034622 11.914647769312133 1
2.880778988331061 15.212420307551486 0
15.435219447318136 13.91637971202477 0
16.851058321144528 4.808005219379988 0
7.553559364664153 8.574514753502779 1
0.1890735620420836 16.536973424463362 0
9.662547616089128 1.1278528949535915 0
19.737671827207897 5.649315366764207 0
9.667336114172187 2.66554572696176 0
18.695872649264913 2.522962051254727 0
1.4593740649645848 14.111283318921434 0
0.8005867613617879 11.524874537782633 0
18.464852342105424 4.763380656979592 0
4.689972979862231 12.846551555594356 0
18.008587710760064 13.027031465700897 0
19.73703991168376 14.505601380033275 0
7.0438749178508715 5.888111909027072 1
10.058331060899325 9.488901236561695 1
7.5849400551303585 19.235549241058774 0
2.2682200964676547 18.635205669493768 0
5.720614551790739 8.146189727998072 1
8.50694513329201 0.1335661152300971 0
14.484594892866355 13.553593570366598 1
7.442261109365291 4.156647748941773 0
5.455814933665202 9.54128445652165 1
16.331472069863377 12.545287528808105 0
8.764555303307876 18.046099135304555 0
15.02170540242626 17.343526161599666 0
6.160998435490477 1.8091599041114903 0
0.41818381279294936 11.47107090535843 0
15.200937299018173 3.6117126923124543 0
0.8711184264956584 2.8777081741160804 0
5.749490109207351 9.12725860433829 1
4.012414968700853 14.116072055078854 0
15.086682761165912 6.4916323318856435 0
1.9933580952809793 15.732106266781225 0
1.2638545179841532 13.08606350218977 0
2.562350675989098 3.981794684093156 0
19.98202566475615 19.57827685153119 0
5.010296771109566 3.86220795782255 0
19.94061376160451 7.5914476892794935 0
7.73445902936893 19.58229301478873 0
12.287442771314494 11.22261689446778 1
0.9153693121743478 0.578225743957661 0
15.140916120310397 13.483260224306136 0
1.4460730237324637 12.46761704644487 0
2.9817603959316874 6.763096221636653 0
17.8674917702149 9.762996584526029 0
4.615262585060467 10.13073334199585 1
14.598760298999538 10.576609172713427 1
17.04485340967852 11.40154594162517 0
8.713613529542583 2.9504647352076385 0
18.449788147691546 19.76071595995598 0
3.4029198989480447 8.77719463388467 0
9.933041908173925 13.648697591810766 1
13.372283519468173 14.19614734666309 1
16.900564679786914 8.175488016852 0
11.087761286290338 17.4754225923662 0
8.243382330919694 8.625561466298947 1
16.495799889623335 17.754987401992533 0
0.11964535498952156 18.48994554854879 0
15.39469313976262 9.115586941966052 1
15.250413543130012 18.084724642170467 0
14.182558206177463 9.43674807399965 1
16.181950911611597 14.713820128993675 0
3.3157266676980446 13.806352049982316 0
2.2210296799328533 15.319353082955718 0
3.467568033888284 18.457922683970377 0
13.232482007998394 0.6154838094138437 0
12.647533909211601 10.807821986365738 1
3.724499300856865 19.588013125886402 0
3.6392354769968893 10.20853622325628 0
15.096433840581563 12.681338728553158 1
0.08193285034016062 0.5625063843448275 0
3.331989033565026 6.271316701173895 0
12.94049432216571 7.641297299167338 1
1.8573196833945804 6.782984128083502 0
3.9527385090692713 7.845891846689936 0
0.8390386673859984 17.322195261887398 0
3.6112050947309626 5.393482843704602 0
12.468258314979302 4.026559919084884 0
10.632654223892777 5.139574441988448 1
15.23896530398339 6.960588167096842 0
12.098908017983268 6.745805614541545 1
5.948866868052649 16.53509897131055 0
8.335017262588595 16.02222818021817 0
15.117122180360989 7.361586788390968 1
1.4922771183860073 9.728389734941354 0
4.539725462045587 10.671457618086237 1
4.668491765040226 0.14026830530607493 0
10.684168460519434 11.299436413150879 1
11.014026235700424 13.062433104568115 1
4.417082793810998 14.606511603877536 0
14.07794278373679 7.9893603249734095 1
5.886528967155151 3.83138387771361 0
6.25707795764068 3.4738680513713827 0
8.107275441119025 7.835181272267886 1
17.213425924041857 11.602254485704833 0
1.0928439020961456 7.872385474452887 0
0.3247781127222904 2.2528935838917086 0
0.7941879555638653 6.607583985824579 0
7.114320285925824 3.872299718332406 0
9.953538468573635 4.764277235903878 1
7.98000354114059 11.39551988943563 1
6.035348535994986 12.9258926527149 1
10.00961436117824 3.258354389836682 0
13.558899584820733 8.90227677500804 1
3.158518864308575 6.1603777104847275 0
17.88412269899553 0.36017237253506584 0
16.988549399052943 19.895648966531255 0
8.542062532571894 3.6910468343079605 0
8.330259981281511 14.55898056194031 1
0.8587423084533707 9.960494131711874 0
1.8528416869544007 2.4570723798272565 0
17.108909870190836 19.60556353280928 0
14.408679608444736 12.728264179438806 1
0.16372922821485947 7.943988953058083 0
12.390828357805162 8.385574339352724 1
8.162145489976185 4.005703539433052 0
2.654939243607657 7.666391982238698 0
5.662439358737219 1.3777869474011162 0
7.350369530446317 17.402370566893296 0
16.936994081590974 16.911478411297622 0
8.732487694167615 11.1795498500599 1
18.011868759445285 17.85323563591846 0
13.234058867310601 19.204641200599944 0
4.9582530313242845 5.846171849914796 0
7.491523084830498 0.8307081875440514 0
11.848154157847716 5.068787076856833 1
14.904223902540103 0.8495824322746093 0
12.696085331830162 10.066668722516976 1
15.43518514214088 16.17861724880361 0
1.5265572261566063 4.271087735602617 0
18.01940647627596 12.980991685022689 0
17.61098822169884 5.262221547189883 0
9.026945756518643 13.449474029590423 1
17.136906259085006 10.144633331486943 0
13.234191780405633 14.502808118363347 1
12.134610678089466 3.3980756979365134 0
13.059326957125855 13.270182342619812 1
18.344432786251982 4.8836449666084025 0
2.1555626558112673 9.764816175167523 0
17.234389996505104 9.775841395929259 0
7.9365972444209305 12.014677790016306 1
4.021451773649267 13.613519453804894 0
2.2517126885007754 14.298321803822606 0
15.184537719573738 17.359282830214184 0
13.441317788610485 16.431032515865006 0
8.17528961562758 12.97857874112905 1
5.313937517413723 1.3722651218927262 0
9.2801413021982 14.419150294391827 1
16.969698086557926 4.150174013992 0
15.877184097119315 4.864642333367715 0
14.831268255419046 14.618004380739913 0
15.044745495324264 9.108715105707436 1
18.325918110978172 1.6920232617931696 0
5.043321862953278 5.877030385961952 0
7.638524629860215 0.32809153007233416 0
13.042498965210001 7.5860512008686936 1
4.08392261643429 11.842416218232197 0
6.823876718888213 7.867938094403515 1
16.11516578947296 5.556411686508005 0
19.529905922051668 16.831859796864435 0
19.260069491718735 8.469092846145504 0
7.047781659978176 18.177052336496835 0
19.099372321099796 13.959062500876524 0
18.183638056135724 8.969864107950434 0
6.115373733471743 14.889722236434881 0
14.068719923401895 0.06079032999311451 0
3.3716632402701285 17.77363574931893 0
8.888898220430942 16.91710073115552 0
0.032684845652037886 19.663208718991974 0
15.699942105784466 13.248378494246726 0
5.833088622757181 2.623386630992348 0
12.766530948381785 4.833228639155767 1
2.149824369925679 2.6172941985044473 0
15.543104226556366 9.404867936880512 1
14.58642933738913 5.417042033433884 0
4.126991914368714 9.355180030100756 1
4.432142605911194 19.303953030763484 0
8.766899711422676 15.228606781793768 1
8.280631399336016 9.36114406556454 1
17.09077691069136 16.600274630163984 0
17.46015105610797 3.395807364992509 0
3.5350332043939114 3.9579730855294204 0
2.6867746071689447 11.723802117421425 0
13.097312044022082 0.420028191574664 0
14.661490242362882 8.959896519858127 1
0.1554006116700557 8.446151304428122 0
7.194475579205307 18.080300666683367 0
17.3214460186711 12.504868612572634 0
18.08771289164462 13.951537440884907 0
19.77841971163088 15.363847655150188 0
10.9631208269147 14.952386325569439 1
18.2751602287524 19.86232459667037 0
3.545706084762521 4.378421557557122 0
3.876805021618186 17.179149555250234 0
1.7475372994263494 12.722540090420075 0
7.268753095044276 6.699559794443286 1
11.405740489689574 2.60983431791161 0
7.55181036171977 10.205903693400064 1
3.952012447472979 12.580978281441777 0
1.4884220127523773 15.635615976854814 0
6.482875894042248 9.634638524358108 1
6.320330899078135 17.41991720820796 0
16.598447556607894 3.7419921013348145 0
9.051488557298683 16.906818421496038 0
2.165672027753436 2.885533097508124 0
16.76516124202345 15.245653136157912 0
14.752077570053682 3.2349142338184245 0
6.049119422626877 8.60891496528785 1
7.549432606798019 17.73795393677618 0
17.77691543713016 14.688287019208694 0
14.15039635143507 17.31688496292052 0
6.497469402933785 12.504376065852835 1
3.7202913603773524 4.988667477297318 0
16.89647524667502 8.231816901769742 0
19.806256773083817 10.598535385102663 0
15.686856619515154 1.620482859238308 0
9.284113409698026 10.482497426852646 1
19.157713969614363 13.163049584407434 0
12.852084669956344 5.59082611673719 1
1.4276560357195889 13.012862181347344 0
5.553734132820449 7.934713356796729 1
4.638259620057374 13.600883651806551 0
16.39324822251553 3.849592754892912 0
9.936619894096296 17.101150464182787 0
0.601756876741053 19.952098106557635 0
1.732667025858472 14.645107326472518 0
18.989608506272827 11.761926076549166 0
9.747222922680635 17.941725012153267 0
8.470571444119813 13.407372523788084 1
4.127124229051493 0.01310561396891119 0
5.7241692368318375 18.809992942939665 0
5.130045407676159 9.641630622203492 1
15.514680445165476 11.11633635751552 1
10.33225732664651 12.059272284150369 1
0.21970400322048889 9.52795889791888 0
6.4292424331586755 11.549612044820055 1
8.612237672875207 15.710196523709614 1
12.037118610044812 13.00623895675874 1
17.860831037413924 18.07319795912168 0
13.940712693936666 10.403654269240741 1
12.641303709642749 15.20287765687421 1
9.654165526852283 9.559923977630618 1
7.961723999571828 18.295530468529112 0
3.9100733680843036 15.637372570952113 0
1.9059884197676635 18.742260882458297 0
13.089585326074957 16.788862573796386 0
13.897874868190542 17.747009476958024 0
11.22660009985583 4.811259002847641 1
13.636672071287064 0.49196908508412074 0
10.18009552469852 3.7731982804403974 0
2.5208084129299113 7.5980061549286155 0
8.146046638610285 1.6550917916985242 0
0.5696709126451083 11.594930180940388 0
0.46912685127634246 7.934311244030566 0
3.2891802785211044 6.545163491097885 0
15.88619171094156 9.324923162995034 1
17.177648453669665 17.62009161142364 0
17.541432911178745 5.81775464075903 0
12.486286368040187 5.982546824841424 1
4.7310993136357045 11.681159932473413 1
16.050548609710948 8.229043639523404 0
9.36826202693493 7.981178922759618 1
8.449076897989585 15.378743795208162 1
11.218926682413045 0.47137468723496 0
8.173282025156762 5.050268610363016 1
16.48676191144514 10.800858067597169 0
18.403344004316487 7.944608188717317 0
6.2338103339269395 11.260969517457223 1
16.41098617056094 7.012003999182143 0
10.33207314822448 1.542661862017214 0
17.924311861044437 0.6416175255195866 0
15.742723601983709 4.5694657370556735 0
9.693762147610421 15.045438034457225 1
9.345082656659267 18.647179491300243 0
19.337891060236135 0.900424136471325 0
18.095977829539287 0.18075540331982554 0
5.941086835492355 0.5725968168085815 0
12.79582428406735 18.063458584166025 0
1.5640620373001313 7.826125371656163 0
5.60645786298468 17.861445519314298 0
12.027576507662376 18.82688402858664 0
10.02134117646461 1.6412675066352622 0
7.404552445817774 3.9064919895381967 0
0.6362666457721722 8.264285289857385 0
8.200392728832322 9.889952253038587 1
19.12765965060039 17.621353814727083 0
6.928162120669072 17.1397920947551 0
7.933108436429053 5.535448252766432 1
19.276325644357854 13.376679455183398 0
16.458224041620426 14.271509498033987 0
12.125833153225102 14.481137189695886 1
10.644070242324826 3.285287623764892 0
3.868391490622185 11.63190232124528 0
2.8535176208647717 18.95382929984445 0
14.158891135984268 12.968326448136011 1
17.02904065376163 18.659119505769212 0
17.516077134058317 9.057821386862395 0
8.774331931378299 4.131050232413445 1
3.100615975102825 17.448182166899073 0
6.784517187653536 18.918586465337285 0
10.950133912377646 9.43211603890925 1
18.624910163866804 13.607100370292414 0
10.693824619114778 16.021124272730226 0
7.147471198207683 17.866516764780997 0
4.055339036156629 2.4718758273163477 0
16.883479968212768 12.808515035632585 0
1.2563380900270849 10.699737210375513 0
9.905075969316403 14.626497830606278 1
10.016714345903111 10.037767940350747 1
9.968461613136029 8.650474408734825 1
9.567791950174868 19.96742244546383 0
18.458754857026413 9.824773225767007 0
18.685908403445374 19.523948406226413 0
11.566440037345702 1.877578568043472 0
15.040953474621734 0.6552587645906427 0
12.924191482143517 5.030353511493882 1
16.34470353463174 13.965907949161558 0
10.187170582720775 16.75556416945231 0
9.795618739219652 10.978644614518718 1
7.703385548407633 2.216718040397747 0
6.154585532111197 10.819705085427927 1
13.61760362109142 17.42273408014182 0
10.794628760399705 7.691632442139524 1
6.161916695527491 0.1459170713488822 0
9.220334886333353 14.921205853840965 1
16.65332729949033 12.813299195330563 0
5.349965820923508 0.8465483541567798 0
11.195128360413397 0.6773146189989387 0
19.805975775260954 3.2337245863591146 0
11.5279685153102 5.169393772809663 1
3.3976769502507964 12.902425487604557 0
4.375486529524886 1.94319824009749 0
0.12044663214006546 13.910133690935114 0
4.488852023374179 2.0424226389788958 0
3.0767595509780765 11.316357841523379 0
10.10283698538043 6.3072455443371815 1
16.850255069743053 3.867377115912538 0
5.987223413320506 2.7882421498144594 0
3.3332766764939237 5.57734379434478 0
2.142431064209922 13.185183258021954 0
1.5383611505420758 16.23159358837078 0
7.694858811740395 18.782452774953953 0
13.084019815413704 3.7574296002680785 0
0.6325669015005553 19.223925932462787 0
8.503830454782918 14.56795818141742 1
11.95063174139632 16.57481305411513 0
18.29969339770377 9.903966976996221 0
5.742683688432953 2.407991267400904 0
14.551840092945561 6.973360868649832 1
10.482774400476362 2.9460996713256193 0
8.91541471241366 19.604713935649457 0
